51	-14.42
52	-18.27
53	-5.874
54	-13.2
55	-7.491
56	-7.768
57	-8.844
58	-5.106
59	-9.917
60	-11.39
61	-12.17
62	-9.072
63	-11.64
64	-13.14
65	-24.5
66	-15.06
67	-18.38
68	-14.53
69	-9.21
70	-16.62
71	-19.79
72	-5.456
73	-18.73
74	-6.345
75	-23.34
76	-3.033
77	-17.21
78	-16.04
79	-5.275
80	-10.13
81	-11.31
82	-12.98
83	-14.11
84	-17.14
85	-10.49
86	-16.89
87	-5.983
88	-17.44
89	-9.59
90	-10.88
91	-11.12
92	-12.87
93	-12.55
94	-15.53
95	-6.612
96	-11.72
97	-8.932
98	-2.357
99	-17.5
100	-8.75
51	6.615
52	1.647
53	11.13
54	-9.094
55	1.846
56	2.566
57	0.7876
58	3.818
59	4.37
60	15.63
61	7.486
62	-3.842
63	3.659
64	8.895
65	3.944
66	-3.963
67	5.852
68	-2.372
69	-0.8366
70	6.992
71	10.23
72	-3.24
73	-0.3889
74	2.163
75	-4.011
76	9.174
77	-0.8178
78	8.565
79	14.24
80	12.74
81	5.236
82	1.745
83	-2.734
84	-0.6829
85	0.352
86	-4.761
87	7.647
88	6.632
89	8.567
90	5.82
91	4.699
92	1.549
93	5.473
94	3.927
95	-2.817
96	-0.8019
97	-2.347
98	5.131
99	4.502
100	0.6175
51	3.603
52	9.35
53	16.66
54	8.216
55	12.35
56	4.405
57	14.62
58	10.31
59	7.19
60	3.802
61	6.703
62	1.648
63	12.89
64	6.422
65	5.0
66	22.2
67	12.56
68	6.126
69	6.663
70	10.57
71	6.065
72	11.06
73	13.25
74	5.472
75	13.16
76	8.847
77	7.894
78	13.07
79	11.73
80	-0.2188
81	9.778
82	2.433
83	10.27
84	16.0
85	14.69
86	11.75
87	13.42
88	7.835
89	13.95
90	5.423
91	13.7
92	11.65
93	14.0
94	3.861
95	18.34
96	17.85
97	16.66
98	8.392
99	11.37
100	15.1
51	-13.48
52	-8.0
53	-1.305
54	-8.367
55	-13.83
56	-6.564
57	-20.16
58	-6.575
59	0.1768
60	-0.4145
61	-12.1
62	-10.84
63	-13.53
64	-5.617
65	-7.452
66	-6.357
67	-12.48
68	-9.027
69	-19.28
70	-15.17
71	-14.95
72	-8.055
73	-7.767
74	-2.854
75	-6.47
76	-1.585
77	-12.58
78	-9.855
79	-8.295
80	-14.17
81	-11.61
82	-13.67
83	-7.513
84	-17.89
85	2.322
86	-7.655
87	-14.58
88	-5.721
89	-15.65
90	-7.822
91	-6.218
92	-8.868
93	-8.617
94	-3.926
95	-12.08
96	-8.095
97	-8.708
98	-17.17
99	-13.37
100	-4.143
51	6.143
52	4.318
53	3.184
54	-1.774
55	-8.209
56	6.67
57	-3.475
58	-3.02
59	-3.633
60	-12.84
61	1.895
62	6.913
63	8.093
64	1.385
65	11.33
66	1.206
67	1.212
68	1.466
69	14.6
70	4.225
71	0.3488
72	1.309
73	9.07
74	1.656
75	-5.785
76	8.425
77	5.057
78	-10.87
79	-6.758
80	11.14
81	-2.183
82	-5.681
83	-3.07
84	1.84
85	-9.586
86	7.41
87	0.04014
88	1.869
89	4.205
90	12.45
91	-6.765
92	4.535
93	3.246
94	4.89
95	-15.12
96	0.9766
97	-4.698
98	5.583
99	0.9982
100	2.296
51	-4.199
52	-9.951
53	-8.705
54	2.302
55	-7.873
56	-3.948
57	-8.459
58	-5.056
59	-9.112
60	-11.32
61	-15.51
62	-5.999
63	-13.63
64	-7.903
65	-7.113
66	-11.14
67	-7.848
68	-11.05
69	-3.558
70	-11.01
71	-6.318
72	-6.283
73	-4.931
74	-10.16
75	-9.773
76	-3.717
77	-11.96
78	-7.957
79	-10.24
80	-3.496
81	-16.02
82	-10.04
83	-5.826
84	-8.854
85	-10.06
86	-9.716
87	-8.412
88	-13.97
89	-3.696
90	-9.355
91	-2.847
92	-7.524
93	-4.031
94	-9.661
95	-15.93
96	-13.81
97	-4.668
98	-2.568
99	-3.274
100	-8.859
51	11.67
52	-0.1618
53	13.01
54	4.957
55	10.57
56	5.333
57	5.38
58	6.794
59	-0.8782
60	9.013
61	5.357
62	-3.695
63	8.557
64	8.387
65	9.039
66	-2.752
67	18.02
68	-5.414
69	5.966
70	4.27
71	3.822
72	7.258
73	16.47
74	-1.724
75	9.422
76	14.18
77	6.654
78	-2.385
79	2.347
80	6.324
81	17.54
82	7.89
83	5.226
84	-1.577
85	4.406
86	4.712
87	13.34
88	6.465
89	-0.3441
90	10.35
91	4.645
92	1.939
93	4.067
94	4.908
95	-9.902
96	2.843
97	-3.555
98	-0.5137
99	2.062
100	0.6847
51	9.184
52	-9.685
53	-2.324
54	-2.369
55	1.076
56	3.079
57	7.519
58	5.627
59	4.701
60	-4.409
61	6.982
62	14.49
63	-0.8662
64	-3.317
65	2.444
66	-0.2126
67	-0.952
68	-6.122
69	5.719
70	9.096
71	-5.16
72	-0.4162
73	-3.385
74	10.49
75	2.56
76	-3.934
77	0.2261
78	-3.056
79	3.609
80	-2.124
81	-2.729
82	0.03375
83	-1.302
84	-1.545
85	1.937
86	14.96
87	7.976
88	-1.407
89	7.336
90	3.355
91	-0.797
92	8.822
93	9.331
94	1.422
95	-12.47
96	-2.709
97	2.976
98	-6.253
99	0.9582
100	-4.167
51	-22.01
52	-7.265
53	-13.13
54	-12.98
55	-7.73
56	-5.824
57	-6.818
58	-8.968
59	-8.239
60	-18.27
61	-17.3
62	-7.062
63	-8.837
64	-14.4
65	-12.44
66	-14.21
67	-16.07
68	-17.68
69	-6.132
70	-10.01
71	-15.83
72	-16.93
73	-8.166
74	-6.994
75	-15.04
76	-15.81
77	-5.522
78	-11.31
79	-10.28
80	-9.209
81	-16.35
82	-14.67
83	0.1047
84	-11.24
85	-14.9
86	-6.743
87	-7.792
88	-15.67
89	-8.49
90	-10.76
91	-13.26
92	-7.805
93	-16.33
94	-0.8282
95	-16.27
96	-8.902
97	-5.521
98	-17.13
99	-13.41
100	-16.09
51	-2.503
52	-10.05
53	-7.161
54	-3.327
55	-5.157
56	-12.34
57	-14.35
58	-8.318
59	-14.7
60	-6.689
61	-11.39
62	-11.78
63	-8.555
64	-18.24
65	-10.01
66	-10.36
67	-8.345
68	-4.781
69	-14.34
70	-16.72
71	-12.99
72	-11.93
73	0.7075
74	3.544
75	-12.56
76	-9.616
77	-12.57
78	-4.084
79	-14.02
80	-10.56
81	-6.913
82	-2.976
83	-8.238
84	-5.558
85	1.674
86	-15.04
87	-9.658
88	-8.368
89	-14.34
90	-9.538
91	-11.0
92	-2.379
93	-16.22
94	-8.17
95	-10.39
96	-0.7362
97	-10.91
98	-11.62
99	0.8153
100	-4.872
51	11.24
52	10.17
53	14.09
54	16.74
55	15.22
56	15.04
57	17.97
58	16.35
59	10.36
60	16.87
61	19.18
62	20.69
63	9.643
64	20.45
65	18.72
66	17.88
67	4.187
68	10.07
69	17.23
70	12.9
71	7.168
72	13.68
73	21.57
74	30.01
75	12.11
76	16.38
77	13.7
78	25.51
79	12.2
80	26.42
81	0.3931
82	1.554
83	18.56
84	4.791
85	21.9
86	17.03
87	15.75
88	11.07
89	14.76
90	7.965
91	24.92
92	20.56
93	8.559
94	9.47
95	8.55
96	12.79
97	13.76
98	20.62
99	10.28
100	15.82
51	-6.374
52	-24.84
53	-7.385
54	-11.56
55	-13.04
56	-13.19
57	-18.94
58	1.114
59	-24.19
60	-14.54
61	-17.24
62	-14.96
63	-14.01
64	-15.62
65	-13.49
66	-7.685
67	-20.12
68	-15.72
69	-17.82
70	-15.88
71	-19.48
72	-14.87
73	-14.77
74	-23.46
75	-11.83
76	-12.8
77	-15.35
78	-18.33
79	-14.61
80	-19.53
81	-20.13
82	-12.66
83	-24.65
84	-14.43
85	-24.05
86	-8.862
87	-20.08
88	-20.0
89	-19.99
90	-19.28
91	-18.22
92	-12.88
93	-8.36
94	-8.605
95	-13.43
96	-16.7
97	-8.463
98	-18.33
99	-16.35
100	-13.77
51	4.59
52	9.382
53	9.342
54	12.82
55	9.944
56	7.035
57	7.81
58	0.3941
59	8.234
60	6.912
61	8.538
62	12.82
63	10.6
64	6.292
65	8.582
66	5.678
67	3.098
68	10.63
69	5.566
70	6.315
71	6.261
72	17.34
73	10.77
74	1.696
75	2.233
76	11.06
77	7.596
78	8.113
79	13.72
80	7.853
81	10.44
82	9.877
83	1.877
84	4.084
85	14.49
86	10.78
87	5.77
88	7.283
89	8.359
90	5.501
91	11.41
92	-0.9341
93	6.416
94	7.521
95	4.808
96	6.397
97	0.177
98	12.62
99	2.485
100	11.81
51	-15.17
52	-4.199
53	-6.229
54	-4.125
55	-10.73
56	-9.476
57	-4.229
58	-10.08
59	-6.045
60	-4.859
61	-4.252
62	-7.311
63	-4.845
64	-2.72
65	-8.753
66	-9.758
67	-2.552
68	2.037
69	-10.6
70	-2.767
71	-6.175
72	-6.303
73	-11.35
74	-7.575
75	-4.214
76	-9.509
77	-11.3
78	-7.599
79	-11.06
80	-11.28
81	-15.43
82	-2.017
83	-10.98
84	-10.52
85	-9.033
86	-8.043
87	-10.12
88	-4.848
89	-8.428
90	-10.39
91	-7.391
92	-8.839
93	-6.453
94	-8.591
95	-6.997
96	-0.2192
97	-11.02
98	-11.03
99	-7.223
100	-8.311
51	-5.568
52	5.561
53	11.11
54	-1.841
55	3.244
56	1.566
57	-6.34
58	1.98
59	3.817
60	2.578
61	4.167
62	8.8
63	3.04
64	6.577
65	1.196
66	10.39
67	12.01
68	3.863
69	11.85
70	6.877
71	7.688
72	-1.167
73	4.789
74	8.991
75	-3.507
76	2.979
77	2.726
78	-9.573
79	6.808
80	6.57
81	7.975
82	5.195
83	0.6381
84	-3.063
85	2.202
86	12.35
87	5.568
88	6.305
89	4.694
90	5.928
91	3.337
92	0.6798
93	4.053
94	2.77
95	11.62
96	2.089
97	5.689
98	11.27
99	7.206
100	5.099
51	-17.44
52	-10.54
53	-25.19
54	-22.69
55	-18.71
56	-19.32
57	-29.14
58	-20.59
59	-18.8
60	-15.49
61	-11.38
62	-22.36
63	-22.9
64	-14.3
65	-21.78
66	-18.84
67	-23.45
68	-22.8
69	-18.29
70	-19.03
71	-17.66
72	-10.59
73	-24.6
74	-18.45
75	-11.98
76	-26.81
77	-21.96
78	-20.38
79	-13.56
80	-25.09
81	-16.66
82	-19.75
83	-20.53
84	-19.2
85	-14.0
86	-16.96
87	-20.42
88	-20.17
89	-25.01
90	-13.46
91	-15.74
92	-14.21
93	-12.94
94	-17.77
95	-14.9
96	-12.86
97	-14.02
98	-20.2
99	-17.02
100	-17.35
51	3.543
52	13.13
53	9.377
54	8.473
55	13.53
56	10.65
57	16.09
58	5.0
59	18.64
60	17.04
61	1.704
62	19.35
63	9.577
64	9.945
65	2.613
66	4.756
67	9.606
68	10.61
69	18.09
70	2.675
71	7.702
72	10.36
73	17.59
74	11.76
75	16.32
76	9.54
77	7.621
78	16.08
79	21.41
80	14.68
81	13.02
82	15.75
83	12.73
84	2.163
85	10.75
86	10.6
87	5.138
88	17.42
89	11.76
90	15.6
91	25.39
92	9.818
93	8.348
94	14.31
95	2.413
96	15.51
97	16.17
98	9.686
99	23.84
100	21.44
51	2.635
52	19.5
53	7.329
54	12.6
55	9.086
56	14.07
57	16.49
58	9.213
59	8.724
60	3.971
61	18.09
62	20.24
63	14.72
64	20.07
65	12.92
66	11.28
67	15.0
68	10.57
69	10.27
70	20.47
71	18.32
72	8.688
73	14.29
74	9.608
75	15.89
76	2.711
77	12.33
78	13.3
79	11.97
80	11.25
81	2.202
82	13.03
83	4.381
84	20.11
85	13.5
86	11.78
87	9.925
88	14.51
89	20.35
90	8.968
91	8.895
92	10.57
93	10.95
94	8.171
95	10.69
96	28.28
97	17.96
98	14.49
99	17.92
100	13.34
51	2.273
52	5.837
53	4.636
54	7.115
55	5.128
56	12.74
57	12.49
58	-3.944
59	5.52
60	7.647
61	-0.5589
62	20.52
63	11.01
64	4.545
65	15.43
66	10.44
67	7.368
68	1.61
69	4.782
70	-0.8191
71	6.858
72	16.31
73	-2.652
74	7.603
75	6.901
76	13.37
77	10.21
78	5.348
79	12.88
80	10.47
81	3.697
82	1.578
83	7.526
84	1.197
85	8.906
86	11.84
87	6.922
88	8.926
89	5.272
90	4.089
91	12.58
92	12.18
93	-4.723
94	15.52
95	3.809
96	-5.597
97	7.3
98	6.392
99	17.92
100	0.3099
51	-4.301
52	12.68
53	7.793
54	16.99
55	6.228
56	7.904
57	16.52
58	5.951
59	18.12
60	7.81
61	14.23
62	1.093
63	15.5
64	-5.114
65	-0.7458
66	8.142
67	-4.907
68	1.265
69	1.978
70	7.37
71	0.9452
72	1.795
73	0.7792
74	11.12
75	3.216
76	14.21
77	15.19
78	7.445
79	-1.874
80	-1.886
81	6.052
82	3.103
83	19.25
84	3.92
85	6.088
86	6.158
87	14.63
88	8.017
89	4.286
90	6.949
91	1.878
92	5.628
93	-0.3128
94	11.67
95	3.988
96	8.965
97	7.395
98	8.333
99	5.251
100	14.95
51	-0.9501
52	-1.199
53	-10.55
54	-8.121
55	-4.364
56	-5.582
57	-9.442
58	-9.936
59	-9.368
60	-4.282
61	-5.18
62	-13.6
63	-10.95
64	-13.78
65	-10.3
66	3.903
67	-8.895
68	-3.49
69	0.2112
70	-4.934
71	-11.58
72	-7.35
73	-12.32
74	-8.887
75	-12.51
76	-10.89
77	-0.02266
78	-7.115
79	-13.37
80	-11.87
81	3.075
82	-11.51
83	-1.879
84	-9.603
85	5.025
86	-4.342
87	-4.489
88	-4.935
89	-11.86
90	-14.73
91	-2.279
92	-15.84
93	-10.51
94	-8.393
95	-19.71
96	-13.81
97	-15.49
98	-10.95
99	-7.043
100	-9.597
51	-11.41
52	-7.492
53	-20.36
54	-22.59
55	-11.28
56	-14.8
57	-14.12
58	-18.85
59	-13.58
60	-13.94
61	-14.62
62	-24.21
63	-5.426
64	-16.44
65	-26.71
66	-13.55
67	-20.63
68	-10.07
69	-22.6
70	-0.7475
71	-9.452
72	-13.65
73	-13.6
74	-6.48
75	-18.37
76	-4.617
77	-11.9
78	-13.77
79	-14.73
80	-13.53
81	-19.19
82	-15.7
83	-17.38
84	-13.03
85	-20.43
86	-24.29
87	-18.75
88	-10.16
89	-13.18
90	-11.07
91	-11.76
92	-17.16
93	-8.861
94	-12.77
95	-12.33
96	-14.77
97	-18.59
98	-11.67
99	-11.28
100	-14.68
51	3.281
52	-3.505
53	0.06033
54	4.419
55	4.37
56	4.795
57	-11.28
58	4.089
59	1.61
60	6.136
61	2.328
62	4.685
63	1.775
64	1.085
65	-1.275
66	-0.6224
67	3.704
68	2.377
69	-5.694
70	3.334
71	1.903
72	0.892
73	-0.5136
74	8.195
75	-3.091
76	2.5
77	-3.231
78	-3.683
79	8.232
80	3.492
81	4.541
82	4.365
83	-11.1
84	2.062
85	2.641
86	2.603
87	2.178
88	8.593
89	7.948
90	7.117
91	7.746
92	-4.189
93	-0.7117
94	9.332
95	4.938
96	7.609
97	5.401
98	2.588
99	2.437
100	14.11
51	-13.03
52	-13.77
53	-14.98
54	-6.363
55	-11.03
56	-13.49
57	-2.81
58	-13.77
59	-2.661
60	-7.118
61	-12.26
62	-2.426
63	-12.66
64	-11.96
65	-7.992
66	-10.25
67	-8.917
68	-4.451
69	-16.61
70	-14.72
71	-16.39
72	-6.32
73	-8.385
74	-14.02
75	-10.45
76	-4.815
77	-4.278
78	-4.78
79	-17.14
80	-16.35
81	-12.13
82	-17.7
83	-13.14
84	-13.32
85	-4.556
86	-15.74
87	-9.422
88	-6.048
89	-15.95
90	-5.736
91	-6.933
92	-14.07
93	-15.1
94	-9.037
95	-9.059
96	-9.556
97	-12.5
98	-8.867
99	-11.51
100	-16.48
51	-3.312
52	4.704
53	-11.03
54	4.822
55	-4.45
56	8.435
57	-13.47
58	4.958
59	-1.138
60	-9.417
61	-6.339
62	-7.842
63	-15.63
64	-7.969
65	-11.23
66	-11.75
67	1.228
68	-9.091
69	-7.711
70	-3.7
71	-1.09
72	-9.278
73	-5.052
74	-11.54
75	-6.652
76	-9.058
77	-9.813
78	-1.519
79	-10.18
80	-6.001
81	-12.18
82	-7.647
83	0.4734
84	4.179
85	-13.17
86	-7.634
87	3.399
88	3.534
89	0.3984
90	-12.71
91	-12.9
92	-0.1364
93	6.36
94	-9.537
95	-1.874
96	-2.295
97	-4.441
98	-6.057
99	3.113
100	-0.05582
51	-14.3
52	-9.66
53	-5.006
54	-4.853
55	-10.58
56	-1.899
57	-10.01
58	-6.225
59	-10.88
60	-11.47
61	-9.326
62	-7.241
63	-7.916
64	-13.16
65	-1.678
66	-2.712
67	-8.355
68	-11.43
69	-8.547
70	-8.621
71	-2.707
72	-13.37
73	-1.095
74	-14.23
75	-19.73
76	-6.614
77	-0.2223
78	-18.68
79	2.1
80	-3.246
81	-3.225
82	-12.42
83	-11.1
84	-15.28
85	-6.038
86	-5.176
87	-12.64
88	-6.387
89	-2.141
90	-8.774
91	-8.351
92	-10.3
93	-2.575
94	-10.67
95	-17.31
96	-1.398
97	-11.11
98	-0.947
99	-12.23
100	-9.66
51	0.5764
52	-6.055
53	4.037
54	-3.709
55	-4.799
56	-3.095
57	-9.364
58	-0.7279
59	1.233
60	-7.634
61	-5.902
62	4.072
63	2.575
64	1.829
65	-1.833
66	-5.952
67	2.559
68	0.1769
69	-10.44
70	5.317
71	-5.249
72	0.6683
73	-14.83
74	-3.231
75	-0.7394
76	-5.938
77	-9.817
78	-8.082
79	-5.133
80	-4.993
81	-1.887
82	-0.06491
83	-13.55
84	-3.429
85	-1.771
86	-12.8
87	-5.306
88	-5.992
89	4.794
90	-4.78
91	-7.222
92	-2.464
93	-6.796
94	-7.4
95	-1.057
96	-2.097
97	-4.334
98	-5.843
99	-0.3826
100	-2.483
51	19.66
52	6.004
53	9.573
54	19.34
55	18.59
56	9.655
57	14.04
58	16.18
59	25.67
60	14.46
61	19.75
62	17.96
63	16.43
64	19.17
65	21.48
66	20.77
67	16.13
68	18.76
69	18.94
70	10.7
71	20.2
72	18.34
73	8.924
74	11.97
75	9.913
76	15.68
77	8.219
78	17.09
79	8.306
80	20.97
81	20.51
82	24.52
83	14.13
84	3.191
85	17.0
86	9.726
87	13.64
88	7.986
89	17.31
90	19.96
91	9.809
92	6.879
93	15.01
94	13.64
95	9.098
96	17.24
97	22.04
98	18.83
99	20.59
100	4.186
51	18.19
52	11.71
53	7.91
54	7.698
55	8.156
56	5.687
57	11.08
58	6.234
59	15.29
60	18.6
61	1.083
62	8.182
63	17.13
64	-0.3878
65	8.932
66	6.269
67	5.493
68	8.575
69	4.079
70	2.215
71	4.5
72	11.0
73	19.31
74	2.617
75	7.148
76	25.05
77	10.3
78	0.2911
79	-0.716
80	4.211
81	13.82
82	5.471
83	9.697
84	12.43
85	-5.136
86	9.529
87	8.259
88	5.289
89	3.741
90	5.6
91	2.872
92	12.28
93	10.73
94	2.674
95	9.903
96	8.237
97	0.968
98	10.0
99	5.266
100	16.69
51	2.72
52	3.596
53	1.453
54	3.886
55	3.584
56	7.462
57	5.427
58	-4.326
59	3.431
60	8.313
61	3.311
62	6.295
63	6.269
64	4.358
65	-3.276
66	4.681
67	6.947
68	3.817
69	12.88
70	6.794
71	-1.734
72	5.439
73	7.765
74	2.202
75	-2.367
76	9.283
77	18.42
78	7.534
79	15.86
80	6.662
81	8.085
82	4.467
83	9.738
84	5.202
85	1.453
86	4.152
87	4.837
88	11.8
89	10.21
90	-0.6098
91	9.349
92	8.806
93	6.897
94	6.535
95	6.496
96	0.3
97	0.7906
98	5.556
99	1.671
100	1.617
51	2.209
52	4.669
53	-1.756
54	8.249
55	2.244
56	2.711
57	-4.661
58	0.8702
59	1.697
60	-1.234
61	-3.811
62	2.586
63	-0.8136
64	14.91
65	3.398
66	4.99
67	7.827
68	-4.352
69	-0.6656
70	2.897
71	5.209
72	-4.089
73	1.098
74	8.522
75	1.097
76	7.461
77	-2.027
78	5.118
79	1.196
80	4.486
81	0.621
82	-0.1225
83	-3.218
84	-4.569
85	-2.776
86	8.834
87	7.383
88	-1.551
89	9.688
90	4.897
91	2.171
92	8.488
93	4.402
94	4.466
95	2.366
96	3.982
97	-0.411
98	4.595
99	3.292
100	8.386
51	8.807
52	16.13
53	8.335
54	6.097
55	6.156
56	2.092
57	11.99
58	5.908
59	12.39
60	12.97
61	7.942
62	18.58
63	11.01
64	8.814
65	10.1
66	12.44
67	6.282
68	15.23
69	8.904
70	13.03
71	10.37
72	6.309
73	2.755
74	0.6467
75	1.134
76	0.8856
77	4.66
78	10.03
79	1.009
80	-6.826
81	15.68
82	7.874
83	11.2
84	6.111
85	-3.393
86	3.578
87	17.65
88	6.591
89	12.42
90	14.27
91	13.01
92	3.874
93	6.78
94	14.65
95	6.683
96	6.078
97	-1.523
98	5.574
99	7.961
100	6.791
51	-7.969
52	7.106
53	0.7148
54	-0.1338
55	-2.905
56	-8.317
57	-6.371
58	6.331
59	2.463
60	-2.281
61	-9.375
62	-8.598
63	5.26
64	-1.096
65	-4.725
66	-6.436
67	12.48
68	4.383
69	1.285
70	0.4652
71	-10.52
72	-7.077
73	-8.349
74	-2.116
75	-6.066
76	0.5431
77	0.3586
78	6.596
79	-5.129
80	8.224
81	11.93
82	-10.45
83	-0.7502
84	1.63
85	-4.433
86	3.296
87	-3.886
88	-2.354
89	-1.512
90	6.177
91	-0.9904
92	-2.627
93	-10.46
94	0.1929
95	-0.8402
96	-3.003
97	0.8051
98	-3.971
99	-2.458
100	-4.254
51	2.305
52	5.047
53	1.982
54	-4.812
55	-1.386
56	4.032
57	9.392
58	9.094
59	2.477
60	4.496
61	6.426
62	-2.421
63	2.003
64	-2.877
65	5.714
66	2.842
67	-5.796
68	9.311
69	4.782
70	1.406
71	8.947
72	-0.9877
73	9.466
74	6.909
75	7.178
76	5.03
77	11.48
78	3.825
79	-2.17
80	9.149
81	-1.904
82	-3.296
83	-0.1101
84	2.999
85	6.218
86	7.042
87	11.2
88	3.096
89	0.5824
90	-5.176
91	3.265
92	6.808
93	3.85
94	11.13
95	11.72
96	6.129
97	4.96
98	2.902
99	12.33
100	-0.4889
51	-2.992
52	1.657
53	5.054
54	3.101
55	5.873
56	-2.01
57	-6.207
58	-6.576
59	-5.363
60	3.328
61	8.395
62	8.612
63	1.111
64	-8.116
65	1.51
66	6.023
67	0.5045
68	-1.275
69	8.114
70	6.33
71	-0.1746
72	4.839
73	7.57
74	9.35
75	-0.8568
76	4.685
77	0.5361
78	3.039
79	3.31
80	-3.546
81	5.656
82	-2.702
83	4.757
84	0.1262
85	2.169
86	-6.066
87	-1.462
88	-3.299
89	-9.098
90	-7.91
91	-2.441
92	4.71
93	-5.013
94	-2.403
95	-0.2598
96	-2.711
97	9.155
98	-6.933
99	2.025
100	7.285
51	-6.921
52	-8.953
53	-9.22
54	-15.36
55	-14.03
56	-5.828
57	1.515
58	-4.546
59	-4.163
60	-6.754
61	-2.963
62	-3.627
63	-3.207
64	-7.524
65	-4.104
66	-5.068
67	-1.541
68	-13.24
69	-4.139
70	-2.117
71	-5.27
72	-5.591
73	-5.378
74	-8.358
75	-4.338
76	-16.32
77	3.254
78	2.386
79	-7.249
80	-3.346
81	-9.003
82	0.5172
83	-8.627
84	-10.44
85	-5.482
86	-0.9903
87	-3.009
88	-10.71
89	-9.844
90	-5.575
91	-8.356
92	-6.264
93	-8.894
94	-6.485
95	-6.09
96	-8.167
97	-13.62
98	-2.635
99	-17.01
100	-4.441
51	1.187
52	-1.827
53	7.158
54	-2.507
55	5.282
56	1.782
57	4.4
58	4.5
59	-5.043
60	-5.296
61	8.704
62	4.732
63	2.208
64	4.055
65	1.107
66	10.52
67	-6.816
68	6.451
69	6.835
70	7.375
71	-1.605
72	-0.4633
73	5.449
74	0.7721
75	4.791
76	6.677
77	8.699
78	0.1202
79	-0.5166
80	9.694
81	2.176
82	12.43
83	11.12
84	0.07133
85	5.607
86	6.184
87	1.042
88	12.07
89	5.028
90	3.47
91	-0.6767
92	5.637
93	6.475
94	9.35
95	4.499
96	0.9853
97	-0.2842
98	2.474
99	-0.8725
100	11.57
51	-1.701
52	23.81
53	12.39
54	20.99
55	14.71
56	11.54
57	14.12
58	8.172
59	15.92
60	17.09
61	18.12
62	14.98
63	14.22
64	20.35
65	2.266
66	12.21
67	9.032
68	7.09
69	2.735
70	13.68
71	10.85
72	14.17
73	3.106
74	9.734
75	12.23
76	14.09
77	15.04
78	16.07
79	7.835
80	15.12
81	3.395
82	10.28
83	6.768
84	11.15
85	10.59
86	11.5
87	9.617
88	6.568
89	15.25
90	6.917
91	15.9
92	9.928
93	13.41
94	12.24
95	4.178
96	11.35
97	8.548
98	1.642
99	19.82
100	12.98
51	-6.665
52	-14.62
53	5.331
54	-11.58
55	-5.411
56	-2.055
57	-14.12
58	-4.976
59	-3.468
60	-7.868
61	-3.514
62	-1.59
63	-9.483
64	-0.3463
65	-7.083
66	4.163
67	4.414
68	-5.039
69	2.33
70	3.916
71	-8.746
72	-3.782
73	-3.914
74	-1.762
75	-3.958
76	5.701
77	-3.961
78	4.248
79	-1.393
80	4.556
81	-2.358
82	-13.73
83	-1.448
84	0.9099
85	1.813
86	-7.274
87	-14.59
88	0.6677
89	0.4062
90	8.379
91	-9.971
92	2.103
93	1.449
94	-5.71
95	5.039
96	7.16
97	1.501
98	-2.774
99	3.246
100	-4.357
51	9.476
52	-2.126
53	0.7969
54	-0.6458
55	1.814
56	4.899
57	-7.767
58	5.203
59	10.06
60	6.65
61	6.65
62	12.99
63	7.452
64	1.528
65	4.245
66	3.347
67	1.406
68	2.381
69	2.318
70	-3.517
71	-3.202
72	8.571
73	4.054
74	-0.3622
75	-4.563
76	4.332
77	-0.6201
78	-7.85
79	-3.702
80	4.668
81	-1.285
82	8.831
83	-2.723
84	2.321
85	5.138
86	-3.505
87	14.14
88	6.813
89	10.45
90	-6.1
91	-7.051
92	7.173
93	-3.584
94	-14.0
95	3.513
96	-3.427
97	-10.14
98	5.203
99	2.402
100	2.551
51	-6.753
52	-4.254
53	4.392
54	-4.245
55	3.951
56	6.63
57	13.6
58	3.892
59	-1.337
60	-2.391
61	5.291
62	-4.307
63	10.44
64	-3.085
65	2.188
66	6.548
67	4.419
68	-9.161
69	3.624
70	0.6261
71	0.06109
72	6.344
73	2.999
74	1.901
75	0.1783
76	0.1014
77	-0.6205
78	7.519
79	2.131
80	9.971
81	-2.629
82	-2.437
83	6.754
84	-1.008
85	0.903
86	-5.68
87	1.523
88	-6.023
89	5.335
90	-0.6648
91	6.249
92	9.504
93	3.281
94	-0.7575
95	-0.848
96	7.339
97	7.595
98	-0.7135
99	1.667
100	-7.576
51	-1.85
52	-12.47
53	2.293
54	-7.44
55	4.274
56	-3.224
57	-6.897
58	-3.332
59	1.014
60	-10.9
61	-4.556
62	-0.8291
63	5.379
64	-5.6
65	9.32
66	-0.2487
67	-16.34
68	-0.2236
69	7.563
70	0.8114
71	-2.236
72	2.042
73	-4.888
74	-7.548
75	3.745
76	1.413
77	3.395
78	-2.975
79	-0.7527
80	8.158
81	-3.215
82	-10.72
83	3.655
84	-4.886
85	0.8508
86	0.05624
87	-0.4937
88	-7.58
89	-0.9495
90	2.918
91	-1.152
92	4.71
93	-6.305
94	-1.641
95	0.5266
96	-0.5987
97	3.045
98	-4.423
99	0.686
100	-3.633
51	14.48
52	22.44
53	6.16
54	8.399
55	10.82
56	15.15
57	15.48
58	7.079
59	15.12
60	22.37
61	5.639
62	26.05
63	17.89
64	18.66
65	10.27
66	18.64
67	10.83
68	10.99
69	21.73
70	11.67
71	10.72
72	19.06
73	14.33
74	14.64
75	12.77
76	17.82
77	22.71
78	7.846
79	23.84
80	11.37
81	8.244
82	20.99
83	16.99
84	17.93
85	12.64
86	17.56
87	17.5
88	21.22
89	16.39
90	6.953
91	14.31
92	13.32
93	14.37
94	13.3
95	8.993
96	10.77
97	12.44
98	19.85
99	13.2
100	13.3
51	15.16
52	11.08
53	8.814
54	4.553
55	0.2003
56	8.967
57	18.19
58	4.318
59	5.438
60	2.009
61	10.58
62	6.694
63	6.043
64	10.14
65	12.02
66	10.69
67	12.3
68	13.72
69	12.46
70	4.879
71	2.986
72	7.07
73	5.615
74	11.38
75	8.05
76	14.55
77	12.92
78	14.28
79	12.02
80	11.2
81	8.3
82	10.15
83	5.326
84	13.99
85	4.321
86	8.342
87	9.532
88	12.25
89	14.23
90	2.638
91	5.519
92	3.813
93	5.564
94	11.26
95	15.03
96	10.91
97	11.87
98	1.184
99	16.95
100	0.4192
51	-13.72
52	-16.68
53	-13.48
54	0.1689
55	-15.98
56	-5.752
57	-9.788
58	-6.01
59	-13.07
60	-0.6764
61	-6.279
62	-9.556
63	-15.01
64	-6.913
65	-6.227
66	-11.57
67	-8.385
68	-14.62
69	-6.745
70	-0.3604
71	-5.939
72	-8.52
73	-13.3
74	-12.29
75	-15.16
76	-13.26
77	-6.104
78	-0.277
79	-8.305
80	-7.668
81	-11.68
82	-6.024
83	-15.5
84	-11.1
85	-24.72
86	-10.36
87	-8.199
88	-1.386
89	-9.434
90	-5.997
91	-14.95
92	-25.49
93	-11.65
94	-3.127
95	-20.53
96	-5.419
97	-12.43
98	-4.703
99	-27.06
100	-10.8
51	5.685
52	7.117
53	-3.32
54	-13.83
55	1.403
56	6.237
57	-4.359
58	0.6649
59	2.426
60	2.342
61	1.243
62	4.051
63	-4.791
64	6.334
65	7.984
66	3.719
67	3.635
68	0.6533
69	-1.519
70	4.573
71	0.8545
72	3.452
73	9.057
74	7.926
75	-0.0127
76	-3.037
77	-3.265
78	-1.654
79	5.891
80	1.992
81	4.921
82	0.4717
83	0.9317
84	3.573
85	9.505
86	4.994
87	0.7517
88	-6.136
89	12.23
90	-2.665
91	4.304
92	-2.896
93	-6.81
94	3.298
95	-1.663
96	-7.171
97	5.551
98	0.7485
99	-1.499
100	-0.5279
51	-4.975
52	-8.763
53	-7.103
54	-4.227
55	-13.04
56	0.8408
57	-17.31
58	-7.195
59	-9.95
60	-8.899
61	-2.038
62	-14.6
63	-19.72
64	-8.867
65	-20.88
66	-7.242
67	-10.98
68	-16.87
69	-6.449
70	-15.4
71	-12.29
72	-2.454
73	-6.706
74	-5.713
75	-11.99
76	-15.71
77	-2.93
78	-12.69
79	-13.15
80	-9.539
81	-13.06
82	-14.95
83	-2.161
84	-11.56
85	-11.41
86	-4.601
87	-13.98
88	-10.69
89	-10.62
90	-11.03
91	-8.966
92	-8.851
93	-8.11
94	-13.19
95	-14.32
96	-14.05
97	-4.951
98	-11.42
99	-9.719
100	-7.161
51	20.41
52	17.98
53	22.2
54	20.63
55	25.12
56	29.28
57	27.12
58	25.35
59	21.4
60	19.1
61	27.47
62	5.886
63	15.94
64	15.67
65	10.15
66	14.32
67	18.66
68	23.91
69	6.393
70	12.1
71	17.48
72	20.4
73	16.14
74	18.09
75	19.74
76	16.94
77	24.88
78	25.57
79	19.08
80	10.92
81	20.9
82	20.04
83	18.92
84	20.8
85	16.72
86	17.04
87	16.13
88	16.18
89	16.35
90	23.58
91	19.43
92	23.22
93	11.23
94	12.27
95	20.78
96	22.42
97	27.74
98	28.87
99	17.03
100	28.14
51	-24.78
52	-19.36
53	-23.85
54	-25.08
55	-34.77
56	-30.05
57	-28.14
58	-25.75
59	-29.6
60	-19.68
61	-18.96
62	-19.75
63	-26.69
64	-17.96
65	-24.91
66	-22.8
67	-29.17
68	-13.73
69	-20.34
70	-23.91
71	-19.88
72	-20.01
73	-14.98
74	-29.34
75	-26.04
76	-24.15
77	-29.63
78	-25.19
79	-29.23
80	-31.47
81	-21.33
82	-20.38
83	-24.42
84	-21.93
85	-30.28
86	-23.26
87	-23.35
88	-18.33
89	-23.78
90	-31.72
91	-21.06
92	-26.79
93	-23.2
94	-24.91
95	-21.79
96	-20.21
97	-20.08
98	-20.48
99	-27.13
100	-25.62
51	-18.08
52	-15.53
53	-7.259
54	-12.31
55	-14.41
56	-11.74
57	-15.6
58	-7.553
59	-7.634
60	-10.66
61	-16.12
62	-17.53
63	-11.49
64	-12.5
65	-4.366
66	-14.48
67	-9.855
68	-11.1
69	-11.99
70	-15.21
71	-15.52
72	-12.57
73	-5.698
74	-25.98
75	-13.93
76	-12.36
77	-16.37
78	-10.8
79	-16.45
80	-24.52
81	-6.101
82	-24.23
83	-15.89
84	-11.7
85	-22.09
86	-5.87
87	-13.99
88	-16.04
89	-12.07
90	-16.51
91	-11.44
92	-5.349
93	-10.37
94	-14.33
95	-9.051
96	-11.26
97	-12.08
98	-17.67
99	-15.61
100	-19.54
51	0.4812
52	-0.249
53	-1.451
54	-0.4235
55	-1.473
56	-1.018
57	-1.149
58	-0.8045
59	-1.624
60	-1.167
61	0.646
62	-1.008
63	-0.7926
64	0.2102
65	0.7171
66	-1.544
67	-0.4992
68	-0.4527
69	-1.603
70	0.3745
71	0.09356
72	-1.342
73	-0.4047
74	-1.496
75	1.35
76	-0.7551
77	0.1425
78	0.4474
79	-1.34
80	-0.6855
81	-0.6005
82	-0.3643
83	-0.8833
84	0.2817
85	-0.5751
86	-0.4137
87	-0.5026
88	0.4824
89	-1.015
90	-1.714
91	-1.767
92	-0.6416
93	-0.1307
94	0.1532
95	-0.9912
96	-0.8637
97	-1.616
98	-2.022
99	-0.09868
100	-1.413
51	3.173
52	1.285
53	-5.645
54	-0.4841
55	-2.347
56	-0.6619
57	4.793
58	3.279
59	-3.997
60	-6.387
61	3.2
62	-2.51
63	0.07019
64	-0.5543
65	-2.941
66	7.209
67	4.404
68	-4.356
69	10.39
70	-1.368
71	1.543
72	4.686
73	0.9233
74	-1.98
75	9.611
76	-8.515
77	-1.918
78	1.684
79	3.313
80	-1.599
81	4.763
82	-1.503
83	6.352
84	3.204
85	-1.965
86	5.553
87	-2.187
88	1.833
89	1.116
90	-2.346
91	1.14
92	-3.237
93	3.992
94	-1.978
95	2.752
96	2.145
97	2.607
98	0.5315
99	-2.177
100	1.265
51	6.863
52	6.464
53	5.664
54	6.793
55	5.367
56	7.122
57	6.281
58	6.529
59	6.972
60	7.02
61	7.4
62	6.983
63	5.862
64	6.554
65	7.343
66	5.766
67	6.551
68	6.758
69	7.428
70	6.171
71	7.457
72	6.92
73	6.663
74	7.327
75	6.37
76	6.172
77	7.198
78	6.455
79	6.648
80	6.979
81	6.62
82	7.83
83	7.151
84	5.729
85	5.748
86	6.216
87	6.666
88	7.416
89	6.318
90	6.706
91	6.135
92	6.048
93	6.953
94	7.393
95	5.753
96	5.289
97	5.817
98	6.436
99	6.694
100	6.706
51	0.7097
52	-0.1026
53	-1.724
54	5.437
55	2.106
56	0.7942
57	5.728
58	-0.6163
59	0.448
60	-1.249
61	7.121
62	2.848
63	2.563
64	-0.5068
65	4.721
66	-0.1053
67	5.578
68	2.553
69	8.319
70	6.722
71	2.102
72	0.5463
73	2.281
74	-0.6647
75	2.75
76	1.404
77	3.491
78	1.394
79	6.04
80	1.142
81	3.172
82	0.8534
83	-0.1199
84	7.211
85	2.025
86	-0.6268
87	4.373
88	-0.05717
89	3.585
90	3.32
91	2.508
92	1.537
93	1.471
94	0.9202
95	4.509
96	1.065
97	3.935
98	3.844
99	0.09789
100	-0.23
51	2.176
52	1.353
53	3.421
54	2.598
55	4.063
56	-1.553
57	5.024
58	3.098
59	4.893
60	7.446
61	1.618
62	-1.278
63	0.9067
64	3.388
65	-1.145
66	4.073
67	1.435
68	1.982
69	-2.037
70	0.4468
71	1.931
72	-0.03177
73	1.369
74	1.787
75	5.3
76	0.05151
77	-0.3729
78	5.563
79	6.316
80	0.6518
81	4.894
82	1.257
83	5.134
84	2.819
85	2.906
86	-0.9842
87	-1.656
88	0.1805
89	2.637
90	-3.269
91	8.108
92	-1.986
93	1.261
94	-2.068
95	7.515
96	1.729
97	0.8381
98	1.105
99	1.427
100	-0.1223
51	3.74
52	3.767
53	3.925
54	3.285
55	3.905
56	3.67
57	3.923
58	3.764
59	3.902
60	4.37
61	4.2
62	4.083
63	4.432
64	3.984
65	3.832
66	4.313
67	3.701
68	4.266
69	3.639
70	4.089
71	4.001
72	3.768
73	3.984
74	3.82
75	4.108
76	3.672
77	4.188
78	3.756
79	4.14
80	3.517
81	4.521
82	4.054
83	3.87
84	3.926
85	3.826
86	3.858
87	3.995
88	3.919
89	3.842
90	4.382
91	3.446
92	3.779
93	3.8
94	3.933
95	4.51
96	4.592
97	3.761
98	3.636
99	4.096
100	3.893
51	8.037
52	7.629
53	6.844
54	9.41
55	7.225
56	10.01
57	8.51
58	9.512
59	10.54
60	6.798
61	8.58
62	10.56
63	6.702
64	7.208
65	7.62
66	10.01
67	6.375
68	9.818
69	7.783
70	9.146
71	8.445
72	9.629
73	6.847
74	9.0
75	8.055
76	7.276
77	8.533
78	8.66
79	6.959
80	7.221
81	6.452
82	7.929
83	8.098
84	9.601
85	8.251
86	8.881
87	7.355
88	8.552
89	10.0
90	8.819
91	8.143
92	8.428
93	10.1
94	8.661
95	10.56
96	7.96
97	10.23
98	11.33
99	10.59
100	8.331
51	3.505
52	4.317
53	4.273
54	3.931
55	3.404
56	3.494
57	3.79
58	3.423
59	3.171
60	3.996
61	2.986
62	2.278
63	3.879
64	3.606
65	3.998
66	3.579
67	4.083
68	4.489
69	3.339
70	3.093
71	4.306
72	3.424
73	4.294
74	2.983
75	3.666
76	4.583
77	3.401
78	3.75
79	3.227
80	3.942
81	3.84
82	3.136
83	3.753
84	3.66
85	4.157
86	2.749
87	2.786
88	3.906
89	2.854
90	3.235
91	3.758
92	3.229
93	2.859
94	3.248
95	4.985
96	3.637
97	3.194
98	4.4
99	4.424
100	3.97
51	-3.146
52	-4.343
53	-3.59
54	-3.76
55	-4.22
56	-5.055
57	-4.912
58	-3.901
59	-5.145
60	-3.409
61	-3.091
62	-4.896
63	-4.452
64	-3.028
65	-4.457
66	-4.106
67	-3.62
68	-4.024
69	-5.197
70	-4.59
71	-3.153
72	-3.243
73	-4.92
74	-4.44
75	-3.495
76	-3.601
77	-4.714
78	-3.646
79	-4.55
80	-4.387
81	-2.936
82	-3.512
83	-5.206
84	-4.515
85	-4.208
86	-4.461
87	-4.416
88	-3.758
89	-5.458
90	-4.356
91	-4.929
92	-4.707
93	-3.073
94	-5.857
95	-3.426
96	-4.707
97	-4.441
98	-2.78
99	-4.304
100	-3.615
51	-5.343
52	-6.82
53	-6.999
54	-6.776
55	-6.51
56	-6.253
57	-5.501
58	-5.901
59	-6.857
60	-6.72
61	-6.175
62	-6.224
63	-6.134
64	-4.447
65	-5.951
66	-5.998
67	-7.501
68	-6.946
69	-5.217
70	-5.413
71	-5.938
72	-5.762
73	-7.576
74	-6.935
75	-6.091
76	-5.721
77	-5.374
78	-6.711
79	-7.107
80	-6.642
81	-6.954
82	-6.487
83	-5.988
84	-6.822
85	-7.964
86	-5.775
87	-6.322
88	-7.26
89	-5.008
90	-6.627
91	-6.473
92	-7.774
93	-5.348
94	-6.689
95	-7.866
96	-8.501
97	-6.575
98	-5.834
99	-8.143
100	-6.917
51	9.913
52	8.735
53	9.136
54	9.904
55	10.22
56	6.123
57	8.738
58	9.809
59	9.583
60	6.894
61	7.441
62	8.725
63	11.05
64	8.079
65	7.078
66	5.978
67	11.45
68	8.188
69	9.694
70	8.381
71	10.99
72	10.22
73	6.622
74	5.526
75	10.25
76	6.03
77	8.8
78	7.319
79	9.895
80	5.556
81	12.83
82	11.97
83	7.716
84	12.16
85	8.177
86	8.194
87	7.42
88	10.75
89	9.111
90	10.63
91	7.452
92	7.141
93	11.06
94	9.315
95	9.061
96	11.14
97	9.722
98	9.195
99	11.33
100	8.209
51	-5.542
52	-4.322
53	-5.085
54	-5.375
55	-4.824
56	-5.349
57	-4.297
58	-6.284
59	-4.192
60	-5.064
61	-4.279
62	-5.159
63	-4.928
64	-4.403
65	-4.494
66	-5.524
67	-4.658
68	-5.204
69	-4.617
70	-4.431
71	-4.813
72	-4.553
73	-4.705
74	-4.261
75	-4.839
76	-5.032
77	-4.489
78	-4.474
79	-5.12
80	-4.613
81	-4.203
82	-5.152
83	-4.028
84	-5.055
85	-4.08
86	-5.246
87	-4.883
88	-4.744
89	-4.261
90	-4.432
91	-4.825
92	-5.177
93	-5.178
94	-5.585
95	-4.915
96	-4.529
97	-5.359
98	-4.663
99	-4.487
100	-5.043
51	3.596
52	3.141
53	3.283
54	3.1
55	3.649
56	3.998
57	3.473
58	4.592
59	3.199
60	4.231
61	3.985
62	3.106
63	2.952
64	3.846
65	3.349
66	3.4
67	3.866
68	1.708
69	3.53
70	3.44
71	3.433
72	2.617
73	2.975
74	3.834
75	4.243
76	2.373
77	3.449
78	4.342
79	2.06
80	3.423
81	2.804
82	3.564
83	4.181
84	4.383
85	2.903
86	3.246
87	3.409
88	3.743
89	3.174
90	3.588
91	2.584
92	4.321
93	3.247
94	3.06
95	4.019
96	2.966
97	4.741
98	2.565
99	3.881
100	2.931
51	-10.77
52	-11.77
53	-10.94
54	-11.13
55	-10.53
56	-10.95
57	-11.11
58	-10.75
59	-10.88
60	-11.24
61	-11.26
62	-11.08
63	-11.11
64	-11.68
65	-10.85
66	-10.86
67	-11.44
68	-12.31
69	-10.54
70	-11.01
71	-10.95
72	-11.25
73	-10.73
74	-11.39
75	-11.51
76	-11.02
77	-10.7
78	-11.43
79	-10.55
80	-10.65
81	-10.69
82	-11.19
83	-10.42
84	-10.99
85	-10.8
86	-11.6
87	-10.91
88	-10.98
89	-11.26
90	-10.87
91	-11.12
92	-10.88
93	-10.86
94	-10.94
95	-10.96
96	-11.58
97	-11.37
98	-10.79
99	-10.93
100	-10.93
51	-2.889
52	-3.114
53	-3.437
54	-3.064
55	-3.201
56	-3.147
57	-2.562
58	-3.026
59	-3.14
60	-3.452
61	-3.35
62	-3.56
63	-2.997
64	-3.474
65	-3.102
66	-3.551
67	-3.955
68	-3.184
69	-4.009
70	-3.361
71	-3.773
72	-3.11
73	-3.843
74	-3.502
75	-2.764
76	-3.137
77	-3.526
78	-2.642
79	-3.544
80	-3.472
81	-3.57
82	-3.338
83	-3.154
84	-3.173
85	-3.321
86	-3.754
87	-3.415
88	-3.357
89	-3.374
90	-3.373
91	-3.095
92	-3.114
93	-3.052
94	-3.055
95	-3.677
96	-3.199
97	-3.422
98	-3.56
99	-3.735
100	-3.271
51	-10.29
52	-9.986
53	-8.394
54	-8.923
55	-8.489
56	-9.257
57	-7.835
58	-8.957
59	-9.24
60	-10.25
61	-10.61
62	-8.866
63	-8.275
64	-9.175
65	-8.421
66	-8.327
67	-9.642
68	-7.803
69	-10.32
70	-8.186
71	-10.86
72	-10.63
73	-9.269
74	-9.85
75	-10.0
76	-8.031
77	-8.615
78	-8.539
79	-9.997
80	-7.791
81	-8.573
82	-9.205
83	-7.841
84	-8.712
85	-10.33
86	-8.959
87	-8.436
88	-8.98
89	-8.498
90	-10.33
91	-10.52
92	-9.964
93	-11.15
94	-8.812
95	-9.497
96	-10.4
97	-9.436
98	-8.775
99	-8.519
100	-9.439
51	5.714
52	3.653
53	3.317
54	3.847
55	1.396
56	2.601
57	1.133
58	3.253
59	1.447
60	1.748
61	6.508
62	1.479
63	2.938
64	3.944
65	5.318
66	4.959
67	4.272
68	3.97
69	1.112
70	6.044
71	5.96
72	3.599
73	1.717
74	2.478
75	2.47
76	2.613
77	3.886
78	1.981
79	2.415
80	3.76
81	3.633
82	2.765
83	3.338
84	4.11
85	4.058
86	4.078
87	6.684
88	-0.04533
89	3.708
90	2.773
91	0.2366
92	3.093
93	3.73
94	4.289
95	4.152
96	2.309
97	3.025
98	5.507
99	-0.1434
100	0.8371
51	3.108
52	-0.1104
53	2.156
54	1.178
55	1.052
56	0.8011
57	0.8069
58	1.295
59	2.724
60	2.961
61	0.5253
62	0.6472
63	1.31
64	1.506
65	0.03405
66	1.149
67	1.64
68	1.208
69	2.087
70	0.5231
71	0.2198
72	2.024
73	1.253
74	2.111
75	1.214
76	2.314
77	1.413
78	1.189
79	1.622
80	0.8184
81	2.024
82	0.9468
83	1.65
84	-0.003297
85	1.854
86	0.9542
87	1.793
88	2.381
89	0.4916
90	0.9699
91	2.001
92	1.394
93	1.379
94	1.997
95	1.543
96	-0.539
97	1.14
98	1.487
99	1.108
100	1.937
51	3.063
52	4.548
53	3.146
54	3.619
55	2.736
56	1.99
57	1.839
58	3.848
59	5.303
60	3.111
61	4.719
62	0.5565
63	1.467
64	3.346
65	3.211
66	2.887
67	2.661
68	2.698
69	2.439
70	6.006
71	4.878
72	1.574
73	3.938
74	2.244
75	4.884
76	1.788
77	2.836
78	3.561
79	1.859
80	2.023
81	6.04
82	3.382
83	3.977
84	3.083
85	3.263
86	2.193
87	3.16
88	3.321
89	2.874
90	3.131
91	1.418
92	1.364
93	4.372
94	1.16
95	4.234
96	6.024
97	2.97
98	5.148
99	1.805
100	5.588
51	7.041
52	5.939
53	5.493
54	5.664
55	6.719
56	6.005
57	5.069
58	7.094
59	5.96
60	6.214
61	5.836
62	6.71
63	6.015
64	7.236
65	6.436
66	6.164
67	7.033
68	7.011
69	6.962
70	6.564
71	6.538
72	6.434
73	6.748
74	6.095
75	6.447
76	5.973
77	5.832
78	6.364
79	6.944
80	7.2
81	6.112
82	7.056
83	5.282
84	6.065
85	6.62
86	6.44
87	5.195
88	5.932
89	6.296
90	6.452
91	6.866
92	5.853
93	6.879
94	6.534
95	6.807
96	6.207
97	6.875
98	6.65
99	6.254
100	5.527
51	-5.706
52	-5.609
53	-4.092
54	-4.996
55	-5.547
56	-4.779
57	-5.303
58	-4.239
59	-4.564
60	-4.795
61	-4.507
62	-4.899
63	-4.748
64	-4.191
65	-4.392
66	-6.07
67	-5.311
68	-4.952
69	-5.904
70	-5.39
71	-4.734
72	-5.409
73	-4.652
74	-4.145
75	-4.702
76	-4.619
77	-6.755
78	-4.848
79	-4.143
80	-4.735
81	-5.549
82	-4.5
83	-7.014
84	-4.54
85	-5.113
86	-5.129
87	-5.289
88	-4.704
89	-3.971
90	-4.544
91	-4.881
92	-4.181
93	-4.419
94	-4.783
95	-3.711
96	-3.383
97	-4.396
98	-5.152
99	-5.246
100	-4.77
51	-1.415
52	-1.166
53	-0.1911
54	-0.3534
55	-1.35
56	-0.9181
57	-0.9506
58	-0.0433
59	-0.3405
60	-0.5247
61	-0.5191
62	0.3582
63	-1.422
64	-0.5582
65	0.6793
66	-0.5462
67	-0.01606
68	0.08862
69	0.3706
70	-1.626
71	-1.061
72	-0.2376
73	-1.169
74	-1.421
75	-0.07374
76	-1.523
77	-0.9627
78	-0.215
79	-0.2881
80	-1.136
81	-0.122
82	-0.8476
83	-0.4185
84	-0.6381
85	-0.7715
86	0.3822
87	0.09447
88	-0.8741
89	-0.07936
90	-0.5815
91	-0.7578
92	-0.1538
93	-0.7221
94	-0.2957
95	-0.8813
96	-0.3764
97	-0.335
98	-1.035
99	-1.151
100	-0.851
51	-0.6563
52	0.5659
53	-0.06677
54	-0.6201
55	0.2002
56	-0.8651
57	1.374
58	-0.6937
59	-0.1353
60	-0.01968
61	0.4575
62	-0.3443
63	0.6556
64	0.0377
65	0.3966
66	-0.2855
67	-0.1403
68	-0.6559
69	0.8545
70	-0.5746
71	-0.8165
72	0.3229
73	-0.3278
74	-0.9574
75	0.9442
76	-0.422
77	1.102
78	0.5202
79	-0.9462
80	-0.6875
81	-0.9593
82	-0.6952
83	0.2322
84	-0.4378
85	-0.4614
86	-0.5297
87	-0.5494
88	-0.8116
89	-0.6965
90	-0.8473
91	-1.012
92	0.4635
93	-0.1679
94	-1.463
95	-0.5754
96	-1.344
97	-1.103
98	-0.9999
99	-0.5882
100	-2.142
51	-3.158
52	-4.749
53	-5.057
54	-5.429
55	-5.43
56	-4.444
57	-6.594
58	-4.884
59	-6.439
60	-5.376
61	-6.083
62	-6.166
63	-5.138
64	-3.766
65	-5.879
66	-4.266
67	-5.173
68	-7.352
69	-4.005
70	-4.277
71	-3.564
72	-4.999
73	-5.185
74	-3.71
75	-4.15
76	-5.698
77	-5.965
78	-6.378
79	-3.986
80	-3.94
81	-4.558
82	-2.65
83	-3.395
84	-4.607
85	-5.346
86	-3.71
87	-4.571
88	-6.212
89	-5.003
90	-5.26
91	-5.913
92	-4.919
93	-4.106
94	-6.437
95	-4.623
96	-4.751
97	-4.062
98	-4.959
99	-4.366
100	-1.647
51	-2.736
52	-3.686
53	-2.242
54	-2.939
55	-3.538
56	-3.676
57	-2.041
58	-4.212
59	-3.187
60	-0.5023
61	-2.586
62	-2.266
63	-1.811
64	-2.24
65	-2.166
66	-2.59
67	-3.212
68	-1.546
69	-2.121
70	-2.565
71	-4.007
72	-1.775
73	-3.062
74	-3.011
75	-2.427
76	-3.824
77	-2.361
78	-2.601
79	-1.666
80	-2.303
81	-1.568
82	-3.164
83	-4.143
84	-3.099
85	-2.469
86	-3.123
87	-2.845
88	-2.644
89	-3.366
90	-2.389
91	-1.309
92	-3.551
93	-4.571
94	-2.814
95	-4.326
96	-3.0
97	-2.177
98	-2.641
99	-3.297
100	-3.755
51	-6.37
52	-7.294
53	-7.367
54	-7.949
55	-7.471
56	-8.685
57	-7.235
58	-7.371
59	-6.986
60	-6.92
61	-6.875
62	-7.479
63	-6.835
64	-7.163
65	-7.929
66	-8.451
67	-7.368
68	-7.62
69	-7.412
70	-7.728
71	-7.996
72	-6.986
73	-8.133
74	-7.493
75	-6.189
76	-7.675
77	-8.192
78	-6.337
79	-8.294
80	-7.744
81	-7.674
82	-7.145
83	-7.468
84	-6.59
85	-7.716
86	-7.911
87	-7.086
88	-7.613
89	-7.588
90	-7.767
91	-7.26
92	-7.293
93	-8.222
94	-7.548
95	-6.92
96	-7.975
97	-7.271
98	-7.806
99	-6.636
100	-7.032
51	-1.2
52	-2.286
53	-2.515
54	-1.008
55	-0.725
56	-0.6182
57	-1.12
58	-2.157
59	-2.003
60	-0.4269
61	-1.333
62	-2.132
63	-2.262
64	-1.983
65	-1.188
66	-0.5109
67	-1.8
68	-2.472
69	0.1901
70	-2.589
71	-1.791
72	-2.278
73	0.3174
74	-0.6871
75	-2.58
76	-0.9056
77	-0.3851
78	-1.157
79	-2.124
80	-0.4246
81	-2.088
82	-1.848
83	0.7334
84	-1.833
85	-2.142
86	0.03571
87	-0.553
88	-0.7077
89	-1.659
90	-1.283
91	0.09314
92	-1.115
93	-1.739
94	-0.05474
95	0.204
96	-1.347
97	-1.161
98	-1.202
99	-1.081
100	-1.578
51	-1.196
52	8.067
53	2.255
54	-0.8544
55	-0.7631
56	4.193
57	0.8785
58	2.032
59	-2.017
60	1.782
61	-0.3932
62	0.1947
63	1.284
64	3.7
65	-1.836
66	-1.837
67	3.244
68	2.354
69	-2.044
70	3.18
71	-0.9498
72	2.497
73	4.867
74	3.264
75	2.83
76	1.504
77	1.239
78	-0.4655
79	0.1713
80	2.035
81	-1.564
82	2.207
83	1.396
84	4.22
85	-0.9971
86	2.229
87	2.637
88	7.244
89	1.996
90	-0.9179
91	1.777
92	3.092
93	4.865
94	2.587
95	2.953
96	1.637
97	0.7845
98	-1.672
99	0.05095
100	5.446
51	-2.131
52	-0.6488
53	0.0699
54	-0.2765
55	1.216
56	-0.696
57	-1.661
58	-1.057
59	-0.702
60	-2.758
61	0.5527
62	-1.319
63	-2.695
64	2.14
65	-1.147
66	1.957
67	1.437
68	-1.284
69	-0.6697
70	1.053
71	0.3082
72	0.08373
73	-1.442
74	-1.663
75	-0.4533
76	-1.233
77	-0.7138
78	0.1772
79	0.4109
80	0.2164
81	-1.782
82	0.374
83	0.883
84	0.2195
85	2.3
86	0.5075
87	0.2341
88	0.5844
89	1.224
90	2.609
91	0.5178
92	-0.813
93	0.03291
94	-0.7222
95	-0.175
96	-0.7572
97	1.225
98	0.06821
99	1.423
100	-3.831
51	-1.629
52	-2.069
53	-1.841
54	-1.439
55	-1.256
56	-1.508
57	-3.096
58	0.1272
59	-1.637
60	-1.826
61	-1.821
62	-1.154
63	-1.291
64	-1.533
65	-0.02027
66	-2.039
67	-2.735
68	-0.908
69	-1.992
70	-1.353
71	-0.4593
72	-1.021
73	-2.241
74	-2.052
75	-1.25
76	-1.322
77	-3.965
78	-2.834
79	-2.591
80	-0.3123
81	-1.677
82	-1.576
83	-2.677
84	-2.002
85	-0.04765
86	-0.9924
87	-1.181
88	-3.003
89	-3.939
90	-1.379
91	-3.156
92	-1.741
93	-1.1
94	-1.487
95	-2.415
96	-0.573
97	-0.8568
98	-2.101
99	-0.3343
100	-0.2005
51	0.9097
52	-0.07322
53	2.316
54	-0.6333
55	1.776
56	0.578
57	3.614
58	1.728
59	0.8512
60	2.243
61	2.971
62	1.715
63	1.259
64	-0.6293
65	1.131
66	1.752
67	0.4149
68	2.219
69	1.496
70	1.082
71	0.4036
72	3.146
73	1.115
74	-0.8557
75	1.907
76	0.6159
77	2.488
78	1.3
79	0.8806
80	0.3879
81	0.00794
82	2.395
83	2.372
84	2.26
85	1.712
86	0.1736
87	-1.327
88	2.078
89	-0.01241
90	0.9094
91	1.123
92	-1.218
93	0.02953
94	-0.1129
95	2.509
96	1.414
97	1.418
98	1.212
99	1.424
100	-0.5779
51	4.483
52	2.514
53	4.878
54	4.811
55	4.184
56	5.065
57	3.969
58	4.567
59	4.669
60	3.924
61	4.469
62	2.791
63	3.602
64	4.211
65	3.503
66	4.119
67	4.678
68	3.441
69	4.847
70	3.949
71	3.942
72	3.901
73	4.809
74	4.687
75	5.362
76	5.052
77	4.878
78	4.964
79	5.392
80	6.101
81	3.553
82	4.595
83	4.081
84	4.869
85	5.708
86	5.162
87	3.395
88	4.436
89	4.453
90	3.242
91	4.342
92	4.964
93	4.263
94	3.074
95	4.484
96	4.806
97	5.795
98	5.455
99	3.822
100	4.308
51	1.643
52	-0.4388
53	0.4384
54	0.927
55	1.236
56	1.786
57	0.8663
58	0.4449
59	0.35
60	1.755
61	1.337
62	1.691
63	0.7341
64	0.6429
65	1.146
66	1.642
67	-1.011
68	0.3362
69	0.5954
70	0.9862
71	1.44
72	1.151
73	1.415
74	0.7087
75	1.259
76	0.6392
77	0.7481
78	-0.2114
79	0.6244
80	-0.2962
81	-0.3484
82	2.035
83	0.7176
84	0.2285
85	0.8756
86	0.1548
87	0.4606
88	1.04
89	0.4859
90	0.1941
91	1.155
92	0.5223
93	1.849
94	0.5908
95	0.4387
96	0.3821
97	0.6241
98	1.565
99	0.9585
100	1.201
51	1.166
52	1.555
53	0.6482
54	2.327
55	2.119
56	0.3237
57	-0.2294
58	-2.794
59	0.9235
60	1.489
61	1.136
62	3.544
63	0.5444
64	3.478
65	-1.431
66	0.01209
67	1.845
68	-0.6725
69	-1.296
70	1.322
71	-2.449
72	1.35
73	1.485
74	1.023
75	-0.3756
76	-0.1497
77	0.1781
78	-0.6349
79	2.204
80	-1.059
81	1.234
82	2.796
83	1.671
84	1.844
85	-0.6632
86	0.4471
87	-0.2683
88	1.307
89	-0.2307
90	3.096
91	-1.141
92	-0.3802
93	-0.8719
94	-0.8892
95	-1.511
96	-0.6646
97	0.6329
98	1.734
99	-2.492
100	0.7083
51	3.338
52	3.137
53	3.147
54	2.862
55	2.836
56	3.429
57	3.297
58	3.408
59	3.677
60	3.122
61	2.58
62	2.669
63	3.28
64	3.669
65	3.03
66	2.76
67	3.081
68	3.076
69	2.892
70	2.741
71	3.412
72	2.847
73	2.779
74	2.926
75	3.198
76	3.232
77	3.017
78	3.076
79	2.888
80	3.196
81	2.698
82	3.198
83	2.78
84	3.217
85	3.067
86	3.382
87	3.128
88	3.49
89	3.51
90	3.68
91	3.309
92	2.78
93	3.516
94	3.255
95	3.244
96	3.314
97	2.949
98	3.549
99	3.048
100	2.716
51	-15.04
52	-14.3
53	-15.05
54	-13.89
55	-13.89
56	-14.82
57	-14.78
58	-14.9
59	-14.81
60	-15.13
61	-14.76
62	-15.3
63	-14.28
64	-14.41
65	-14.53
66	-14.86
67	-15.36
68	-13.96
69	-14.91
70	-15.03
71	-14.33
72	-14.83
73	-14.55
74	-14.46
75	-14.28
76	-12.9
77	-14.99
78	-15.99
79	-14.99
80	-15.69
81	-14.52
82	-15.35
83	-14.72
84	-14.21
85	-14.59
86	-14.89
87	-14.43
88	-14.05
89	-14.25
90	-15.32
91	-14.23
92	-15.08
93	-13.82
94	-15.06
95	-14.73
96	-14.64
97	-13.75
98	-14.57
99	-13.16
100	-15.47
51	-1.674
52	-1.47
53	-3.175
54	-2.136
55	-2.711
56	-3.213
57	-2.791
58	-1.673
59	-2.874
60	-0.1687
61	-3.715
62	-2.74
63	-3.776
64	-2.492
65	-2.605
66	-2.776
67	-0.5465
68	-3.558
69	-2.829
70	-3.897
71	-2.237
72	-1.696
73	-2.365
74	-1.113
75	-4.297
76	-2.966
77	-4.065
78	-2.194
79	-0.7078
80	-3.977
81	-1.548
82	-4.13
83	-4.524
84	-1.059
85	-2.617
86	-4.238
87	-2.012
88	-3.97
89	-1.929
90	-1.866
91	-2.386
92	-2.778
93	-3.82
94	-2.808
95	-2.448
96	-2.192
97	-0.8093
98	-2.951
99	-2.783
100	-3.673
51	8.938
52	5.703
53	6.01
54	5.487
55	6.757
56	6.008
57	6.281
58	6.773
59	6.51
60	5.66
61	6.164
62	6.478
63	5.975
64	4.916
65	7.283
66	6.954
67	6.787
68	6.705
69	8.08
70	7.209
71	7.681
72	6.003
73	7.356
74	7.864
75	7.279
76	7.152
77	6.261
78	6.691
79	7.64
80	7.183
81	7.763
82	7.757
83	7.418
84	7.306
85	6.48
86	6.179
87	7.223
88	7.772
89	5.735
90	7.969
91	6.142
92	6.058
93	6.415
94	6.631
95	7.964
96	6.514
97	8.483
98	8.064
99	5.251
100	7.797
51	4.506
52	4.969
53	3.69
54	5.207
55	4.254
56	3.94
57	4.932
58	4.707
59	4.271
60	4.839
61	4.129
62	4.242
63	4.792
64	4.424
65	4.432
66	3.921
67	4.179
68	4.466
69	4.049
70	3.894
71	4.06
72	4.246
73	3.907
74	3.936
75	4.672
76	3.982
77	3.425
78	3.956
79	3.697
80	3.761
81	4.004
82	4.823
83	3.966
84	3.829
85	3.486
86	4.255
87	4.72
88	4.048
89	4.095
90	3.263
91	4.763
92	4.194
93	4.019
94	4.699
95	4.277
96	3.946
97	4.091
98	3.994
99	3.7
100	4.704
51	-5.327
52	-1.488
53	-3.772
54	-4.749
55	-2.727
56	-4.068
57	-0.9079
58	-6.596
59	-6.091
60	-2.888
61	-7.185
62	-6.578
63	-4.0
64	-0.9613
65	-3.624
66	-2.875
67	-3.04
68	-2.404
69	-5.355
70	-0.5464
71	-5.465
72	-3.841
73	-4.294
74	-1.361
75	-1.603
76	-8.504
77	-3.858
78	1.668
79	-3.962
80	-5.655
81	-4.781
82	-6.004
83	-1.945
84	-0.7953
85	-3.463
86	-2.962
87	-7.655
88	-7.778
89	-5.511
90	-0.9545
91	-0.2775
92	-2.793
93	-2.645
94	2.325
95	-4.676
96	-2.557
97	1.959
98	-4.256
99	-1.954
100	-2.194
51	8.487
52	7.787
53	6.682
54	8.354
55	6.784
56	6.842
57	6.982
58	7.05
59	7.992
60	8.056
61	6.855
62	8.408
63	7.026
64	8.247
65	7.736
66	7.067
67	7.316
68	9.955
69	6.878
70	6.717
71	7.026
72	7.049
73	7.873
74	7.479
75	7.927
76	7.211
77	8.356
78	6.506
79	7.245
80	6.656
81	8.502
82	7.452
83	6.282
84	8.69
85	7.212
86	8.084
87	8.012
88	8.531
89	7.201
90	6.796
91	6.663
92	6.101
93	6.958
94	7.389
95	8.012
96	6.282
97	7.585
98	7.797
99	7.41
100	8.596
51	3.352
52	4.52
53	3.7
54	3.49
55	2.953
56	3.537
57	3.794
58	4.231
59	2.343
60	4.851
61	4.35
62	4.067
63	2.34
64	4.209
65	1.684
66	3.187
67	5.287
68	3.519
69	3.1
70	3.644
71	3.837
72	3.025
73	3.442
74	4.239
75	3.08
76	3.036
77	3.468
78	4.629
79	3.668
80	2.677
81	3.839
82	4.669
83	2.866
84	3.3
85	3.688
86	3.33
87	3.701
88	4.427
89	3.848
90	3.28
91	2.978
92	2.876
93	4.537
94	3.958
95	3.412
96	3.396
97	2.964
98	3.891
99	3.505
100	4.456
51	4.833
52	2.875
53	7.082
54	7.663
55	6.92
56	5.534
57	6.732
58	6.965
59	2.599
60	1.117
61	8.595
62	2.561
63	4.441
64	4.371
65	6.651
66	3.962
67	7.954
68	6.574
69	2.28
70	5.158
71	7.482
72	3.504
73	4.092
74	4.193
75	6.318
76	4.131
77	2.22
78	5.091
79	2.768
80	7.221
81	8.653
82	3.106
83	3.99
84	5.645
85	6.915
86	4.899
87	4.982
88	4.054
89	5.064
90	6.818
91	4.671
92	5.555
93	5.576
94	4.105
95	5.925
96	4.143
97	4.868
98	4.404
99	5.247
100	5.668
51	3.247
52	3.516
53	3.918
54	4.367
55	5.142
56	4.445
57	3.7
58	4.921
59	4.454
60	5.014
61	3.864
62	3.972
63	4.041
64	3.716
65	3.664
66	3.504
67	4.409
68	3.825
69	3.16
70	4.423
71	4.548
72	4.447
73	4.161
74	3.887
75	4.701
76	3.598
77	3.985
78	3.758
79	4.095
80	3.768
81	4.464
82	3.523
83	4.755
84	3.231
85	4.39
86	3.85
87	4.442
88	3.789
89	3.61
90	4.747
91	4.823
92	4.266
93	4.12
94	3.532
95	3.831
96	4.385
97	3.544
98	4.609
99	3.388
100	4.323
51	-6.702
52	-6.278
53	-6.971
54	-7.577
55	-6.917
56	-7.427
57	-7.405
58	-7.587
59	-6.409
60	-7.659
61	-7.06
62	-7.399
63	-6.923
64	-7.682
65	-7.366
66	-7.016
67	-7.166
68	-6.815
69	-7.543
70	-7.96
71	-6.525
72	-7.02
73	-6.473
74	-7.447
75	-6.857
76	-7.131
77	-6.879
78	-8.117
79	-7.561
80	-7.093
81	-7.123
82	-7.569
83	-6.549
84	-6.958
85	-6.619
86	-7.342
87	-6.993
88	-7.528
89	-7.329
90	-7.307
91	-6.632
92	-6.244
93	-6.576
94	-6.978
95	-6.398
96	-7.01
97	-6.999
98	-7.146
99	-6.034
100	-7.149
51	-5.356
52	-6.0
53	-4.897
54	-3.669
55	-5.229
56	-5.532
57	-4.789
58	-5.407
59	-5.082
60	-5.766
61	-4.9
62	-5.434
63	-4.164
64	-6.292
65	-6.005
66	-6.058
67	-5.111
68	-4.592
69	-5.393
70	-4.965
71	-4.597
72	-5.324
73	-5.684
74	-5.405
75	-5.098
76	-4.314
77	-4.297
78	-4.786
79	-5.662
80	-4.978
81	-6.063
82	-4.667
83	-5.539
84	-5.134
85	-5.968
86	-6.248
87	-4.735
88	-4.03
89	-6.035
90	-4.63
91	-6.135
92	-4.984
93	-4.054
94	-5.509
95	-4.573
96	-4.373
97	-5.904
98	-4.777
99	-5.492
100	-4.775
51	-2.235
52	-1.845
53	-1.83
54	-2.251
55	-1.56
56	-2.568
57	-1.644
58	-2.072
59	-1.888
60	-1.592
61	-2.092
62	-1.449
63	-1.136
64	-1.784
65	-1.153
66	-1.852
67	-1.885
68	-1.308
69	-2.084
70	-1.442
71	-1.229
72	-2.203
73	-1.783
74	-1.916
75	-1.791
76	-1.403
77	-2.384
78	-1.546
79	-1.454
80	-1.773
81	-1.472
82	-1.299
83	-2.251
84	-1.829
85	-1.574
86	-2.094
87	-1.661
88	-2.008
89	-1.465
90	-1.592
91	-1.66
92	-1.984
93	-1.699
94	-1.576
95	-1.425
96	-1.463
97	-1.924
98	-1.796
99	-1.562
100	-1.992
51	2.493
52	7.781
53	3.929
54	1.886
55	1.722
56	0.5125
57	-0.5899
58	2.682
59	-1.96
60	-0.6534
61	0.9404
62	10.3
63	6.086
64	3.573
65	5.611
66	5.488
67	5.892
68	3.015
69	6.143
70	6.548
71	3.363
72	2.201
73	0.9363
74	5.228
75	3.247
76	2.064
77	0.4223
78	0.5786
79	0.1814
80	5.606
81	3.955
82	5.223
83	-0.6314
84	3.482
85	8.628
86	4.077
87	3.651
88	3.186
89	6.353
90	3.757
91	0.02367
92	2.816
93	8.175
94	-1.604
95	-3.365
96	4.894
97	-1.388
98	-6.748
99	3.123
100	1.515
51	-8.267
52	-9.237
53	-8.502
54	-8.731
55	-7.685
56	-7.553
57	-8.038
58	-7.859
59	-8.277
60	-8.684
61	-8.536
62	-8.491
63	-7.862
64	-8.609
65	-8.011
66	-8.668
67	-7.771
68	-9.035
69	-8.743
70	-8.569
71	-8.761
72	-8.561
73	-8.715
74	-7.905
75	-8.093
76	-8.296
77	-7.953
78	-8.316
79	-7.69
80	-7.534
81	-8.483
82	-8.598
83	-8.539
84	-8.146
85	-7.561
86	-7.793
87	-8.506
88	-8.819
89	-8.359
90	-7.879
91	-9.258
92	-8.118
93	-8.38
94	-8.389
95	-8.037
96	-8.601
97	-8.951
98	-8.988
99	-7.798
100	-8.784
51	-0.02257
52	-1.209
53	-2.415
54	-1.564
55	-0.4573
56	-1.241
57	-0.8985
58	-2.078
59	-2.023
60	-1.741
61	-0.3021
62	-1.066
63	-1.06
64	-1.776
65	-2.381
66	-1.124
67	-1.426
68	-1.306
69	-1.12
70	-0.6356
71	-1.123
72	-1.06
73	-1.533
74	0.6817
75	-1.217
76	-0.8068
77	-0.7639
78	-1.594
79	-0.9568
80	0.6297
81	-2.582
82	0.2944
83	-1.119
84	-1.209
85	0.536
86	-2.038
87	-1.239
88	-0.5675
89	-1.666
90	-1.161
91	-0.7937
92	-1.805
93	-0.876
94	-1.235
95	-2.463
96	-1.935
97	-1.637
98	-0.3869
99	-1.224
100	-0.7617
51	3255.0
52	3248.0
53	3224.0
54	3238.0
55	3215.0
56	3220.0
57	3236.0
58	3250.0
59	3238.0
60	3245.0
61	3230.0
62	3227.0
63	3223.0
64	3239.0
65	3239.0
66	3221.0
67	3236.0
68	3268.0
69	3237.0
70	3221.0
71	3242.0
72	3210.0
73	3241.0
74	3248.0
75	3212.0
76	3257.0
77	3223.0
78	3242.0
79	3242.0
80	3231.0
81	3230.0
82	3225.0
83	3239.0
84	3223.0
85	3244.0
86	3225.0
87	3219.0
88	3226.0
89	3223.0
90	3233.0
91	3234.0
92	3217.0
93	3236.0
94	3245.0
95	3254.0
96	3232.0
97	3233.0
98	3226.0
99	3233.0
100	3233.0
51	15.67
52	-5.161
53	-5.17
54	-5.237
55	10.15
56	-3.025
57	3.283
58	-3.47
59	-24.73
60	4.743
61	-4.583
62	3.584
63	6.547
64	6.388
65	-14.96
66	1.023
67	4.738
68	3.423
69	-6.392
70	-15.06
71	-3.104
72	-8.424
73	11.7
74	6.82
75	-16.27
76	-9.269
77	-7.863
78	1.722
79	-10.04
80	8.187
81	-1.263
82	14.37
83	7.496
84	4.761
85	26.46
86	-0.9279
87	2.975
88	8.292
89	-9.178
90	-12.64
91	8.825
92	9.336
93	7.167
94	7.588
95	-41.68
96	7.239
97	-5.395
98	1.411
99	-0.9605
100	8.312
