51	-26.99
52	-12.9
53	1.757
54	-21.15
55	-18.24
56	-11.65
57	-13.12
58	-4.449
59	-21.8
60	-10.89
61	-10.12
62	-13.41
63	-4.355
64	-17.39
65	-13.8
66	-10.49
67	-5.63
68	-13.66
69	-4.764
70	-8.767
71	-9.881
72	-12.91
73	-18.5
74	-14.9
75	-11.83
76	-4.86
77	-15.34
78	-10.92
79	-11.41
80	0.5531
81	-15.2
82	-11.18
83	-6.324
84	-0.9626
85	-13.98
86	-19.87
87	-10.02
88	-8.109
89	-10.37
90	-12.15
91	-9.769
92	-4.536
93	-9.996
94	-11.23
95	-11.73
96	-18.12
97	-11.26
98	-9.316
99	-14.07
100	-5.459
51	-8.902
52	10.45
53	8.934
54	8.781
55	7.573
56	-1.823
57	1.872
58	8.715
59	3.928
60	12.76
61	10.99
62	3.393
63	-0.1359
64	8.434
65	1.577
66	-2.677
67	15.41
68	5.367
69	6.126
70	10.22
71	7.173
72	3.575
73	-0.6421
74	3.128
75	5.904
76	1.575
77	2.05
78	9.87
79	7.893
80	5.884
81	6.422
82	-12.27
83	8.484
84	7.41
85	6.027
86	-8.525
87	7.765
88	-11.95
89	13.82
90	-15.74
91	8.766
92	5.343
93	-1.255
94	0.4849
95	-1.124
96	-7.798
97	-2.414
98	5.503
99	-8.626
100	-5.586
51	12.44
52	3.52
53	8.08
54	11.44
55	8.913
56	2.885
57	9.666
58	4.446
59	8.462
60	16.99
61	15.09
62	5.559
63	4.687
64	6.276
65	18.92
66	9.17
67	6.689
68	9.857
69	16.46
70	10.27
71	14.29
72	10.77
73	19.99
74	8.281
75	9.839
76	11.53
77	10.83
78	12.03
79	11.72
80	11.33
81	14.22
82	12.69
83	9.637
84	17.72
85	6.279
86	9.076
87	7.174
88	11.68
89	10.06
90	17.24
91	10.95
92	11.31
93	10.88
94	10.1
95	9.468
96	10.96
97	12.12
98	5.222
99	12.53
100	9.548
51	-3.194
52	-6.191
53	-3.383
54	3.605
55	-9.748
56	-11.11
57	-14.28
58	-16.43
59	-10.31
60	-9.394
61	-7.869
62	-8.721
63	-2.669
64	-2.958
65	-17.71
66	-5.442
67	-0.0406
68	0.01963
69	-1.509
70	-5.718
71	-12.86
72	-13.56
73	-5.873
74	-8.926
75	-0.5683
76	-9.288
77	-6.763
78	-8.617
79	7.541
80	-5.186
81	-11.78
82	-4.692
83	2.88
84	-7.542
85	-13.02
86	-11.52
87	-5.11
88	-17.39
89	-5.084
90	-10.26
91	-9.557
92	-2.478
93	-5.589
94	-20.34
95	-13.72
96	-14.24
97	-6.014
98	-4.527
99	-1.306
100	-5.008
51	-3.972
52	0.5463
53	-2.029
54	5.52
55	14.02
56	-1.04
57	3.695
58	10.34
59	0.01527
60	1.89
61	-6.404
62	2.156
63	-6.398
64	-1.425
65	3.422
66	2.682
67	-16.24
68	-0.7987
69	0.2926
70	-9.255
71	-5.48
72	-4.19
73	-6.226
74	-0.7068
75	-1.145
76	9.226
77	4.318
78	-2.482
79	4.652
80	9.178
81	2.899
82	-4.363
83	-5.415
84	0.3811
85	0.1511
86	-7.513
87	-2.203
88	6.044
89	-7.501
90	-1.48
91	2.651
92	-0.8784
93	1.014
94	3.59
95	0.1008
96	10.19
97	7.974
98	0.6918
99	-4.17
100	-3.971
51	-2.634
52	-3.943
53	-4.267
54	-1.567
55	-6.079
56	-13.27
57	-10.5
58	-11.08
59	-10.07
60	-4.438
61	-15.21
62	-8.678
63	-6.855
64	-11.37
65	-10.8
66	-7.701
67	-8.163
68	-13.28
69	-11.31
70	-16.86
71	-9.776
72	-9.007
73	-13.16
74	1.377
75	-9.693
76	-6.863
77	-5.661
78	-12.35
79	-6.757
80	-15.14
81	-8.956
82	-1.615
83	-8.793
84	-2.574
85	-3.72
86	-7.199
87	-10.74
88	-9.321
89	-11.96
90	-4.137
91	-11.01
92	-15.3
93	-4.243
94	-0.3138
95	-0.8832
96	-12.96
97	-8.6
98	-2.283
99	-3.593
100	-16.11
51	-3.812
52	1.874
53	8.722
54	14.08
55	0.1592
56	10.82
57	6.828
58	8.559
59	1.707
60	4.597
61	9.682
62	5.72
63	-8.494
64	8.133
65	3.68
66	3.984
67	8.631
68	6.897
69	3.24
70	7.649
71	15.07
72	4.953
73	10.28
74	-10.32
75	5.154
76	11.27
77	12.94
78	4.331
79	4.809
80	5.301
81	3.011
82	6.616
83	-4.804
84	8.843
85	-4.033
86	7.426
87	-13.39
88	1.986
89	8.015
90	10.11
91	7.334
92	9.037
93	7.148
94	-8.307
95	4.405
96	9.775
97	10.3
98	-4.238
99	3.783
100	11.5
51	9.426
52	-2.366
53	2.727
54	-12.15
55	8.998
56	-2.094
57	7.853
58	0.1855
59	0.9674
60	-2.262
61	6.307
62	1.784
63	-1.42
64	7.3
65	5.461
66	-0.7354
67	4.755
68	-5.185
69	-6.951
70	2.36
71	4.314
72	-2.437
73	2.808
74	9.426
75	2.815
76	-6.669
77	2.942
78	1.393
79	-6.328
80	-1.36
81	-7.719
82	-5.593
83	-13.12
84	5.037
85	3.58
86	3.937
87	9.75
88	3.442
89	-4.71
90	-8.345
91	2.77
92	4.938
93	-7.846
94	-0.2215
95	8.281
96	-5.884
97	-1.473
98	4.418
99	-3.839
100	8.378
51	-7.64
52	-5.841
53	-18.32
54	-5.55
55	-13.33
56	-12.58
57	-10.39
58	-9.787
59	-7.446
60	-15.41
61	-15.05
62	-8.264
63	-7.969
64	-12.43
65	-13.55
66	-11.52
67	-7.297
68	-8.136
69	-11.93
70	-8.051
71	-9.044
72	-11.85
73	-8.453
74	-14.64
75	-11.97
76	-13.65
77	-17.71
78	-19.89
79	-8.915
80	-13.59
81	-8.21
82	-9.091
83	-21.04
84	-8.005
85	-12.22
86	-10.5
87	-11.02
88	-11.61
89	-13.48
90	-7.736
91	-9.41
92	-6.584
93	-18.21
94	-10.39
95	-14.65
96	-16.43
97	-16.65
98	-20.37
99	-16.27
100	-9.824
51	5.288
52	-11.57
53	-2.13
54	-6.61
55	-3.194
56	3.179
57	-17.94
58	-5.632
59	-10.52
60	-8.775
61	-2.581
62	-13.65
63	-2.763
64	-12.53
65	-6.11
66	-10.31
67	0.5545
68	0.3392
69	-5.613
70	3.821
71	-6.519
72	-17.85
73	-11.57
74	3.918
75	-10.04
76	-0.01267
77	-5.529
78	-6.938
79	-7.803
80	-1.065
81	-2.501
82	-11.61
83	-6.618
84	-10.45
85	-4.263
86	-16.84
87	-9.731
88	-9.026
89	-8.502
90	-8.666
91	-12.17
92	6.228
93	-8.066
94	-8.258
95	-1.275
96	-10.52
97	-4.698
98	-6.042
99	-16.76
100	-3.923
51	28.2
52	17.23
53	12.72
54	15.23
55	12.96
56	14.31
57	19.8
58	7.376
59	6.214
60	13.86
61	10.03
62	20.05
63	18.85
64	12.76
65	12.47
66	14.41
67	18.06
68	11.24
69	5.571
70	18.52
71	5.831
72	14.37
73	11.8
74	26.24
75	23.35
76	15.34
77	10.08
78	19.44
79	17.48
80	14.42
81	20.47
82	15.3
83	8.811
84	16.71
85	10.96
86	16.32
87	25.44
88	13.45
89	2.73
90	9.545
91	12.77
92	8.235
93	20.94
94	17.3
95	16.47
96	9.303
97	16.51
98	13.27
99	11.96
100	13.82
51	-17.2
52	-17.79
53	-14.11
54	-12.46
55	-16.79
56	-11.61
57	-8.817
58	-13.31
59	-6.736
60	-17.77
61	-21.08
62	-19.96
63	-11.74
64	-16.11
65	-21.56
66	-10.21
67	-20.32
68	-19.75
69	-22.92
70	-22.97
71	-15.85
72	-17.04
73	-2.457
74	-17.21
75	-5.358
76	-8.571
77	-14.24
78	-20.31
79	-13.61
80	-12.72
81	-18.94
82	-16.29
83	-18.48
84	-10.49
85	-16.16
86	-16.77
87	-21.54
88	-20.72
89	-9.919
90	-11.81
91	-12.06
92	-11.16
93	-17.5
94	-9.468
95	-10.92
96	-12.94
97	-23.04
98	-11.64
99	-23.4
100	-7.224
51	9.483
52	9.889
53	7.22
54	9.183
55	0.8495
56	-2.183
57	6.716
58	9.718
59	4.7
60	5.69
61	8.978
62	4.589
63	-2.086
64	9.254
65	11.51
66	9.571
67	0.5563
68	0.7747
69	9.299
70	1.485
71	5.877
72	7.42
73	3.914
74	10.26
75	11.12
76	7.135
77	7.84
78	11.79
79	4.661
80	5.383
81	5.122
82	1.06
83	3.002
84	9.857
85	10.41
86	11.6
87	3.886
88	2.57
89	7.227
90	15.25
91	9.132
92	-0.6219
93	-1.916
94	11.07
95	8.456
96	12.13
97	10.21
98	8.12
99	1.076
100	-0.9632
51	-12.49
52	-10.12
53	-10.48
54	-13.46
55	-12.04
56	-7.388
57	-10.63
58	-1.341
59	-8.134
60	-5.183
61	-5.413
62	-6.903
63	-10.39
64	-2.199
65	-7.637
66	-5.423
67	-6.784
68	-7.853
69	-13.1
70	-16.46
71	-12.48
72	3.874
73	-11.93
74	-6.535
75	-14.97
76	-10.66
77	-1.965
78	-18.37
79	-3.402
80	-10.1
81	0.202
82	-10.27
83	-9.581
84	-2.56
85	-6.952
86	-8.577
87	-16.82
88	-9.623
89	-10.13
90	-3.592
91	-8.064
92	-3.016
93	-8.712
94	-9.098
95	-14.95
96	-8.923
97	-5.536
98	-10.23
99	-11.62
100	-9.008
51	7.251
52	8.559
53	5.964
54	10.09
55	3.801
56	9.451
57	9.491
58	5.064
59	11.83
60	5.078
61	3.495
62	4.798
63	-4.646
64	13.09
65	2.849
66	-1.499
67	2.065
68	-7.012
69	1.595
70	7.639
71	4.263
72	-6.614
73	2.321
74	-1.79
75	5.63
76	6.608
77	-0.9271
78	-3.121
79	6.109
80	3.569
81	3.112
82	-2.273
83	2.178
84	3.688
85	10.86
86	-4.091
87	4.878
88	4.886
89	11.86
90	12.9
91	3.739
92	6.117
93	10.27
94	-2.915
95	6.389
96	9.762
97	-2.182
98	2.351
99	10.22
100	6.989
51	-24.28
52	-18.26
53	-30.11
54	-23.4
55	-15.44
56	-17.13
57	-25.12
58	-18.08
59	-9.446
60	-9.311
61	-18.34
62	-23.72
63	-15.48
64	-26.76
65	-11.8
66	-23.69
67	-16.55
68	-20.25
69	-25.12
70	-22.1
71	-6.936
72	-20.29
73	-19.81
74	-15.27
75	-27.23
76	-14.45
77	-17.88
78	-20.54
79	-27.52
80	-18.9
81	-16.84
82	-24.31
83	-20.64
84	-16.44
85	-11.45
86	-23.02
87	-3.149
88	-15.14
89	-16.6
90	-17.61
91	-22.14
92	-23.88
93	-14.96
94	-23.01
95	-13.36
96	-17.28
97	-18.24
98	-23.68
99	-24.89
100	-23.57
51	13.37
52	8.804
53	19.32
54	17.03
55	12.32
56	17.39
57	6.153
58	2.485
59	6.371
60	13.95
61	13.92
62	3.588
63	19.46
64	10.18
65	9.094
66	5.767
67	4.609
68	10.56
69	6.642
70	9.193
71	11.89
72	12.03
73	16.81
74	23.96
75	15.7
76	16.88
77	11.39
78	12.01
79	14.14
80	14.3
81	13.26
82	7.258
83	12.95
84	8.283
85	18.0
86	18.01
87	22.14
88	11.42
89	10.42
90	9.161
91	11.8
92	11.97
93	8.584
94	6.271
95	7.859
96	3.871
97	7.254
98	7.456
99	10.97
100	1.804
51	21.19
52	15.25
53	11.93
54	1.149
55	14.39
56	14.01
57	5.685
58	6.437
59	12.82
60	10.94
61	4.373
62	12.59
63	18.55
64	9.66
65	17.15
66	7.959
67	13.09
68	16.71
69	18.53
70	14.03
71	21.64
72	8.827
73	14.49
74	13.44
75	15.01
76	8.238
77	8.659
78	11.39
79	15.28
80	16.81
81	11.9
82	18.44
83	14.61
84	8.856
85	11.1
86	21.8
87	15.14
88	12.39
89	21.04
90	9.705
91	14.04
92	11.03
93	13.62
94	10.64
95	6.848
96	11.58
97	13.32
98	21.76
99	12.51
100	11.81
51	1.031
52	4.511
53	8.505
54	12.29
55	6.531
56	4.446
57	-2.199
58	9.298
59	0.1024
60	6.765
61	7.053
62	12.49
63	11.74
64	8.174
65	2.448
66	9.379
67	2.416
68	10.27
69	10.64
70	6.693
71	7.725
72	15.36
73	15.25
74	8.238
75	4.412
76	0.4934
77	-6.308
78	5.941
79	16.95
80	4.157
81	-2.493
82	7.225
83	5.842
84	-5.043
85	-1.148
86	5.17
87	5.894
88	4.479
89	3.154
90	11.29
91	12.44
92	6.666
93	10.95
94	11.99
95	11.8
96	1.989
97	13.93
98	1.906
99	0.1248
100	0.2006
51	-1.185
52	-1.399
53	4.996
54	11.32
55	10.77
56	9.919
57	13.92
58	3.367
59	12.3
60	5.579
61	3.241
62	3.366
63	3.267
64	-3.693
65	4.739
66	10.18
67	12.24
68	17.08
69	1.93
70	8.464
71	-4.539
72	5.198
73	14.28
74	3.135
75	7.859
76	-3.556
77	-4.843
78	3.228
79	10.81
80	0.2495
81	6.84
82	4.684
83	-0.3822
84	5.77
85	14.51
86	10.53
87	14.67
88	8.095
89	17.75
90	0.5826
91	2.338
92	3.154
93	6.658
94	11.33
95	14.04
96	7.775
97	13.69
98	18.44
99	4.213
100	8.833
51	-10.9
52	-8.146
53	-2.646
54	-6.614
55	-8.121
56	-12.75
57	-11.41
58	-4.294
59	-9.866
60	3.282
61	-11.11
62	-3.418
63	-4.343
64	-8.946
65	-4.612
66	2.128
67	-7.268
68	-7.864
69	-9.642
70	-6.093
71	-2.76
72	-12.26
73	-7.333
74	-4.484
75	-2.686
76	-8.747
77	-3.44
78	-6.732
79	-10.55
80	-5.271
81	0.674
82	-10.19
83	-0.9368
84	-5.235
85	-4.672
86	-0.338
87	-12.39
88	-0.778
89	-5.707
90	-18.72
91	6.262
92	-12.92
93	2.1
94	-4.704
95	1.109
96	-10.94
97	-8.434
98	-6.274
99	-4.02
100	6.175
51	-11.13
52	-13.82
53	-11.71
54	-13.38
55	-15.9
56	-11.11
57	-10.94
58	-15.46
59	-15.79
60	-18.0
61	-12.91
62	-11.95
63	-14.44
64	-13.11
65	-15.58
66	-7.03
67	-7.669
68	-10.28
69	-11.61
70	-9.646
71	-16.16
72	-10.22
73	-14.72
74	-20.24
75	-16.82
76	-18.91
77	-17.35
78	-11.28
79	-9.826
80	-18.8
81	-13.72
82	-13.3
83	-14.71
84	-7.148
85	-14.2
86	-16.37
87	-11.35
88	-14.05
89	-15.68
90	-13.43
91	-11.86
92	-18.05
93	-13.73
94	-19.42
95	-22.74
96	-19.25
97	-12.01
98	-19.33
99	-9.437
100	-14.05
51	16.31
52	-1.618
53	11.31
54	4.202
55	6.261
56	2.161
57	3.772
58	-5.434
59	-13.17
60	7.905
61	-3.237
62	2.481
63	6.788
64	-6.5
65	4.66
66	0.7618
67	3.757
68	2.751
69	-3.093
70	4.217
71	-1.117
72	5.139
73	-8.455
74	2.688
75	5.534
76	-9.48
77	0.9877
78	-1.339
79	1.237
80	-6.493
81	4.758
82	-0.367
83	6.118
84	-0.107
85	-2.795
86	-1.289
87	19.17
88	-4.963
89	1.06
90	7.381
91	-2.878
92	-3.796
93	1.367
94	1.582
95	-2.213
96	-3.733
97	-10.68
98	1.091
99	4.293
100	-0.2869
51	-13.7
52	-9.462
53	-13.08
54	-4.004
55	-5.421
56	-14.69
57	-14.76
58	-0.3597
59	-14.74
60	-8.112
61	-6.243
62	-19.24
63	-16.7
64	-11.46
65	-7.704
66	-21.76
67	-17.37
68	-0.2267
69	-10.06
70	-10.96
71	-18.05
72	3.24
73	0.3499
74	-13.61
75	-15.46
76	-1.812
77	3.561
78	-7.402
79	-8.804
80	-3.627
81	-6.596
82	-11.59
83	-16.42
84	-19.26
85	-20.23
86	-6.603
87	-12.84
88	-19.61
89	-8.322
90	-4.555
91	-10.54
92	-14.29
93	-9.284
94	-20.59
95	-17.85
96	-11.84
97	-11.22
98	-13.55
99	-15.32
100	-14.16
51	-8.193
52	-6.898
53	-16.18
54	-3.014
55	6.047
56	-3.294
57	-11.59
58	0.2129
59	-17.59
60	-9.238
61	-1.783
62	-4.564
63	-2.241
64	-10.31
65	-5.633
66	-9.687
67	-2.578
68	-14.0
69	4.881
70	-9.078
71	-9.099
72	2.337
73	-11.41
74	-3.832
75	-1.765
76	-7.775
77	-4.773
78	-2.184
79	2.049
80	-8.74
81	-16.14
82	-1.989
83	-5.94
84	-10.67
85	-7.406
86	-11.6
87	-18.12
88	-2.822
89	-2.043
90	-2.858
91	-8.058
92	-13.59
93	0.604
94	-2.987
95	-13.86
96	1.16
97	-12.12
98	-5.859
99	-4.976
100	-6.033
51	-10.52
52	-7.546
53	-14.49
54	-11.83
55	-0.7853
56	-15.73
57	1.978
58	-13.29
59	-3.827
60	-4.344
61	-12.57
62	-9.74
63	-19.83
64	-7.598
65	-10.95
66	-10.47
67	-5.488
68	-0.1065
69	-0.2384
70	-9.963
71	-3.869
72	-9.262
73	-12.68
74	-15.1
75	-2.6
76	-5.264
77	-11.72
78	-13.34
79	-4.211
80	-6.563
81	-12.47
82	-11.92
83	-2.985
84	-5.745
85	-15.14
86	-10.36
87	-8.545
88	-6.873
89	-5.97
90	2.932
91	-2.556
92	-7.94
93	1.563
94	-1.594
95	-14.24
96	-7.216
97	-9.561
98	-11.09
99	-7.533
100	-10.69
51	6.802
52	-0.05928
53	-3.656
54	-7.082
55	1.406
56	1.752
57	-6.473
58	-15.78
59	0.1872
60	-5.612
61	0.659
62	8.536
63	-5.35
64	1.662
65	-2.921
66	-4.274
67	-5.313
68	-11.36
69	-6.958
70	-1.988
71	-8.078
72	-2.942
73	1.194
74	-7.488
75	1.699
76	-2.93
77	-3.436
78	-1.772
79	0.455
80	-0.6054
81	-4.88
82	-10.53
83	0.923
84	-6.494
85	-3.75
86	-12.4
87	-6.049
88	-5.775
89	-4.818
90	-9.74
91	-7.14
92	-7.688
93	-4.879
94	-4.179
95	-7.108
96	-14.13
97	-5.902
98	8.161
99	1.705
100	-12.31
51	14.75
52	28.59
53	15.5
54	10.81
55	16.5
56	17.85
57	29.33
58	17.49
59	18.21
60	23.61
61	13.63
62	15.96
63	18.82
64	22.59
65	12.67
66	13.79
67	7.427
68	7.546
69	16.42
70	8.627
71	6.104
72	17.83
73	4.017
74	8.623
75	12.37
76	-0.2389
77	-6.369
78	23.8
79	15.71
80	29.19
81	14.72
82	4.207
83	17.5
84	12.95
85	17.64
86	11.53
87	18.91
88	20.16
89	22.6
90	19.83
91	23.85
92	21.76
93	16.21
94	17.3
95	12.39
96	17.28
97	26.08
98	25.89
99	25.06
100	15.01
51	8.216
52	8.123
53	8.682
54	12.39
55	16.36
56	12.26
57	7.975
58	6.291
59	8.899
60	10.78
61	14.1
62	7.521
63	7.864
64	9.989
65	3.861
66	17.25
67	5.488
68	4.986
69	13.78
70	8.428
71	9.791
72	9.438
73	9.064
74	5.873
75	20.73
76	12.88
77	1.795
78	3.569
79	14.6
80	12.7
81	14.13
82	4.851
83	5.09
84	22.99
85	14.71
86	2.244
87	11.4
88	12.17
89	14.81
90	-0.3343
91	-0.005126
92	6.534
93	13.3
94	11.43
95	11.04
96	0.4974
97	7.412
98	6.508
99	5.554
100	15.38
51	4.356
52	-0.4064
53	0.886
54	11.98
55	17.72
56	1.773
57	8.794
58	5.165
59	11.94
60	9.333
61	8.17
62	4.143
63	25.69
64	7.323
65	11.53
66	6.056
67	6.793
68	6.499
69	8.535
70	11.37
71	-0.7614
72	11.18
73	5.913
74	10.7
75	-4.42
76	2.682
77	3.524
78	0.9382
79	9.7
80	6.89
81	6.501
82	8.263
83	0.9685
84	8.07
85	3.125
86	-0.6011
87	9.509
88	15.17
89	7.117
90	11.32
91	2.706
92	7.567
93	5.409
94	10.03
95	5.854
96	9.65
97	10.79
98	8.971
99	4.587
100	6.721
51	9.665
52	-7.533
53	0.9229
54	7.82
55	1.192
56	-1.388
57	0.7052
58	1.599
59	5.745
60	5.681
61	6.934
62	1.606
63	-1.572
64	5.208
65	0.3245
66	2.217
67	8.682
68	0.319
69	-3.395
70	2.74
71	-7.5
72	0.02389
73	-3.112
74	2.18
75	-0.8992
76	11.24
77	2.206
78	7.022
79	6.263
80	1.609
81	9.063
82	1.76
83	6.423
84	0.5883
85	2.81
86	4.749
87	-6.062
88	2.313
89	2.923
90	-4.013
91	8.767
92	6.033
93	-8.49
94	2.6
95	4.262
96	6.337
97	0.293
98	2.93
99	-0.7098
100	-0.4876
51	7.932
52	4.617
53	5.194
54	14.52
55	7.304
56	-1.68
57	6.661
58	13.66
59	0.6839
60	7.664
61	15.29
62	2.578
63	16.31
64	-1.702
65	4.088
66	4.695
67	7.854
68	7.409
69	7.793
70	12.1
71	3.552
72	9.401
73	10.23
74	7.383
75	15.11
76	-2.745
77	4.791
78	5.827
79	17.83
80	2.605
81	12.39
82	1.653
83	7.207
84	9.906
85	-0.1533
86	12.66
87	6.131
88	8.721
89	11.82
90	3.774
91	15.38
92	5.3
93	1.764
94	9.327
95	2.386
96	5.523
97	5.87
98	-1.231
99	5.386
100	1.927
51	-5.751
52	-1.163
53	-2.857
54	-3.663
55	-3.745
56	-3.538
57	7.258
58	-10.29
59	0.1207
60	-4.304
61	6.657
62	-0.4338
63	-7.923
64	6.568
65	-10.26
66	1.312
67	-5.46
68	2.929
69	-13.64
70	-1.104
71	1.368
72	-1.915
73	-0.2189
74	-0.8641
75	6.464
76	-0.1979
77	2.328
78	-4.197
79	-3.751
80	-2.73
81	-0.2442
82	2.906
83	4.694
84	-0.9798
85	5.838
86	-4.963
87	5.933
88	-5.478
89	3.224
90	-1.87
91	-5.355
92	-7.088
93	-0.8454
94	-3.398
95	-5.341
96	1.499
97	-5.614
98	-5.976
99	-7.302
100	-9.165
51	4.968
52	3.507
53	3.121
54	-0.08195
55	7.212
56	7.4
57	2.586
58	-6.36
59	9.854
60	3.539
61	6.399
62	-0.3903
63	4.856
64	11.66
65	-2.742
66	5.904
67	4.413
68	2.762
69	-4.431
70	3.961
71	-4.232
72	8.983
73	4.024
74	0.6566
75	2.374
76	6.136
77	4.739
78	5.624
79	-1.876
80	10.82
81	7.506
82	4.439
83	6.439
84	2.219
85	-1.28
86	7.012
87	3.26
88	10.64
89	-4.926
90	2.629
91	14.04
92	8.365
93	-1.483
94	1.027
95	6.695
96	8.461
97	10.98
98	3.462
99	2.33
100	3.109
51	4.975
52	4.998
53	-1.489
54	4.112
55	3.488
56	-0.86
57	3.761
58	-3.349
59	-3.171
60	-1.691
61	1.826
62	17.32
63	4.685
64	-3.108
65	-0.9395
66	-1.285
67	-0.4328
68	5.143
69	0.03804
70	8.665
71	4.797
72	6.496
73	-0.1532
74	-1.688
75	-0.8207
76	-4.79
77	0.572
78	-1.308
79	0.9973
80	-1.951
81	-7.054
82	7.274
83	-0.8691
84	0.1039
85	1.005
86	-7.002
87	7.59
88	4.998
89	12.43
90	1.649
91	-0.28
92	-3.366
93	4.531
94	-3.714
95	-6.897
96	7.872
97	10.12
98	-3.341
99	0.01712
100	5.194
51	-3.691
52	-7.263
53	-6.791
54	2.135
55	-3.435
56	-1.56
57	-5.113
58	0.9897
59	-11.75
60	-12.63
61	-8.388
62	-6.152
63	-15.84
64	-5.319
65	-10.15
66	-15.15
67	-1.018
68	2.431
69	-16.17
70	-1.787
71	-2.661
72	-11.72
73	-13.21
74	-12.46
75	-9.215
76	-7.842
77	-6.132
78	-6.119
79	-12.84
80	-12.33
81	-4.36
82	-9.908
83	-3.008
84	-1.685
85	-1.461
86	-2.486
87	-2.519
88	-16.32
89	-1.252
90	-8.495
91	-1.982
92	-12.79
93	-4.563
94	-8.799
95	-2.533
96	-12.5
97	-10.82
98	-7.458
99	-2.472
100	-3.926
51	-3.095
52	4.86
53	6.506
54	6.458
55	8.177
56	2.041
57	10.1
58	4.475
59	-1.003
60	0.7332
61	12.49
62	-0.5142
63	9.176
64	11.88
65	2.583
66	-3.626
67	14.77
68	-7.07
69	-2.856
70	2.485
71	2.633
72	3.047
73	3.717
74	14.07
75	0.888
76	12.88
77	-6.501
78	5.044
79	4.592
80	-6.003
81	-1.036
82	4.157
83	2.35
84	7.197
85	8.396
86	7.75
87	2.283
88	2.676
89	12.75
90	0.0718
91	4.753
92	4.869
93	4.894
94	9.447
95	8.208
96	5.017
97	3.392
98	-4.301
99	7.819
100	-0.1041
51	14.91
52	11.66
53	7.502
54	7.791
55	13.76
56	11.97
57	7.187
58	12.95
59	21.7
60	15.53
61	13.77
62	16.0
63	12.24
64	7.663
65	13.89
66	8.359
67	6.707
68	6.464
69	-2.148
70	7.86
71	7.693
72	6.166
73	15.98
74	10.11
75	18.35
76	14.41
77	9.683
78	13.09
79	13.81
80	5.159
81	2.69
82	17.54
83	21.13
84	2.9
85	12.85
86	14.48
87	9.792
88	19.84
89	10.12
90	6.391
91	19.21
92	8.122
93	12.03
94	-5.784
95	16.3
96	13.41
97	11.24
98	24.32
99	16.16
100	2.332
51	-15.92
52	-4.05
53	1.048
54	-6.406
55	-8.327
56	-0.309
57	4.929
58	2.946
59	12.57
60	-5.182
61	-2.035
62	4.551
63	-9.597
64	-4.057
65	2.939
66	-1.44
67	-7.321
68	7.435
69	2.968
70	-3.319
71	9.63
72	-8.365
73	-7.441
74	2.674
75	-5.369
76	0.3182
77	0.4328
78	-9.983
79	12.31
80	0.9731
81	-1.703
82	-14.15
83	4.678
84	8.134
85	-1.511
86	3.221
87	-5.383
88	-6.548
89	-4.151
90	-0.4394
91	-10.29
92	11.27
93	-5.43
94	8.071
95	8.91
96	2.758
97	2.421
98	-0.05556
99	-12.54
100	-1.366
51	-9.323
52	12.28
53	-13.23
54	3.295
55	-3.05
56	-1.516
57	0.2856
58	-16.28
59	7.429
60	-3.683
61	0.5194
62	6.734
63	1.964
64	-6.203
65	2.438
66	-5.448
67	0.2366
68	4.726
69	13.56
70	2.764
71	7.333
72	-4.806
73	0.8098
74	2.907
75	11.34
76	1.385
77	-3.31
78	14.93
79	0.5344
80	6.075
81	4.637
82	-3.877
83	4.39
84	2.076
85	-0.9161
86	2.592
87	3.887
88	-2.352
89	5.578
90	0.2689
91	-1.105
92	5.695
93	7.428
94	4.76
95	-7.245
96	-8.082
97	-1.037
98	-6.387
99	3.333
100	8.949
51	7.034
52	-2.378
53	3.832
54	8.066
55	0.1859
56	10.48
57	-0.1562
58	5.95
59	7.661
60	-6.91
61	2.14
62	10.6
63	5.255
64	8.315
65	8.102
66	3.795
67	3.205
68	-5.47
69	8.916
70	-2.927
71	1.999
72	5.554
73	-0.6532
74	3.191
75	5.181
76	3.411
77	0.8533
78	-10.04
79	-0.6418
80	5.443
81	-0.4362
82	-5.374
83	9.264
84	-6.316
85	-1.353
86	-0.1146
87	-0.8523
88	1.652
89	9.354
90	-0.6615
91	-1.535
92	1.395
93	6.413
94	8.194
95	2.216
96	9.357
97	-7.351
98	1.987
99	13.7
100	7.3
51	1.908
52	-2.267
53	-4.567
54	-9.083
55	-4.59
56	-11.79
57	-10.2
58	0.3672
59	3.246
60	3.653
61	-7.366
62	-3.821
63	-5.048
64	0.5922
65	0.7271
66	4.66
67	-6.093
68	8.201
69	9.688
70	4.591
71	-6.284
72	8.268
73	3.271
74	-4.717
75	3.932
76	4.645
77	-9.429
78	3.5
79	-1.829
80	4.583
81	2.398
82	-2.368
83	-3.169
84	-8.869
85	4.174
86	5.155
87	-1.716
88	9.584
89	6.966
90	-2.215
91	-1.16
92	-6.279
93	-6.932
94	-1.39
95	-1.942
96	6.793
97	6.628
98	-13.18
99	-11.35
100	13.39
51	13.09
52	16.11
53	18.22
54	11.39
55	5.922
56	15.18
57	24.54
58	18.23
59	12.94
60	16.15
61	9.913
62	12.48
63	9.958
64	19.33
65	18.56
66	18.58
67	14.84
68	19.28
69	17.03
70	17.64
71	8.451
72	20.85
73	22.21
74	6.796
75	13.1
76	13.15
77	19.29
78	20.94
79	14.04
80	19.51
81	16.12
82	6.896
83	10.68
84	18.07
85	14.27
86	-0.542
87	17.93
88	9.379
89	11.49
90	8.249
91	15.25
92	15.56
93	15.05
94	7.781
95	16.51
96	14.75
97	8.494
98	18.22
99	25.95
100	15.57
51	11.65
52	7.573
53	3.238
54	7.667
55	8.124
56	1.914
57	7.454
58	7.428
59	12.54
60	10.65
61	-1.271
62	6.317
63	8.098
64	7.946
65	3.194
66	3.684
67	0.6996
68	14.27
69	2.775
70	5.987
71	9.31
72	21.75
73	4.382
74	11.13
75	5.521
76	4.517
77	7.829
78	5.042
79	7.216
80	2.162
81	-1.945
82	4.13
83	13.82
84	5.772
85	1.931
86	4.942
87	3.571
88	14.69
89	7.058
90	5.971
91	15.7
92	8.63
93	-2.416
94	1.382
95	15.14
96	11.49
97	10.32
98	13.66
99	-2.268
100	3.772
51	-12.87
52	-0.3456
53	-9.955
54	-9.424
55	-17.98
56	-19.43
57	-6.367
58	-9.189
59	-2.522
60	-4.757
61	-7.167
62	-17.08
63	-18.14
64	-10.52
65	-8.826
66	-9.447
67	-18.61
68	-13.02
69	-2.514
70	-19.86
71	-2.846
72	-2.434
73	-3.672
74	-13.93
75	-21.61
76	-6.859
77	-17.32
78	-12.05
79	-0.09011
80	-14.45
81	-19.31
82	-16.92
83	-8.916
84	1.407
85	-14.6
86	-19.25
87	-14.48
88	-9.104
89	-10.29
90	5.176
91	-10.99
92	-8.999
93	-15.26
94	-0.9174
95	-20.97
96	-10.64
97	-17.9
98	-12.16
99	4.28
100	-12.91
51	0.6964
52	3.649
53	7.351
54	3.826
55	8.037
56	2.629
57	-5.658
58	2.73
59	-5.205
60	1.184
61	6.156
62	2.954
63	0.3231
64	-0.08485
65	-1.385
66	-3.439
67	1.557
68	0.04893
69	-11.26
70	3.224
71	2.88
72	-3.442
73	2.239
74	3.56
75	-3.75
76	2.956
77	5.867
78	-0.6155
79	3.171
80	1.595
81	0.5983
82	1.072
83	7.624
84	2.63
85	7.866
86	7.294
87	6.59
88	8.93
89	-3.302
90	-1.509
91	0.02021
92	0.283
93	-9.923
94	-1.565
95	8.16
96	4.776
97	5.2
98	0.8316
99	-3.662
100	1.36
51	-8.243
52	-12.67
53	-7.545
54	-13.32
55	-16.59
56	-11.43
57	-9.695
58	-7.028
59	-10.06
60	-8.18
61	-8.029
62	-11.21
63	-15.97
64	-10.59
65	-8.131
66	-15.12
67	-5.276
68	-8.997
69	-4.192
70	-13.7
71	-8.867
72	-7.846
73	-9.033
74	-11.77
75	-9.911
76	-2.892
77	-6.649
78	-5.442
79	-7.566
80	-10.59
81	-18.73
82	-7.588
83	-16.89
84	-10.46
85	-7.817
86	-9.502
87	-9.655
88	-13.62
89	-7.092
90	-9.131
91	-8.567
92	-10.85
93	-6.909
94	-5.21
95	-5.016
96	-19.87
97	-5.31
98	-10.63
99	-3.923
100	-12.64
51	12.99
52	17.27
53	12.64
54	18.98
55	17.23
56	17.33
57	19.0
58	22.42
59	23.47
60	15.42
61	23.32
62	20.47
63	10.81
64	20.32
65	12.79
66	20.06
67	10.93
68	14.7
69	8.564
70	3.97
71	11.14
72	24.65
73	15.17
74	23.83
75	22.61
76	15.01
77	18.72
78	10.49
79	17.41
80	18.47
81	18.38
82	16.52
83	19.94
84	15.79
85	24.03
86	15.85
87	17.54
88	17.76
89	14.59
90	13.94
91	29.78
92	22.74
93	10.24
94	10.93
95	25.92
96	27.62
97	13.88
98	23.97
99	16.03
100	11.09
51	-28.25
52	-24.71
53	-22.09
54	-21.99
55	-14.4
56	-21.39
57	-23.84
58	-25.8
59	-23.04
60	-23.28
61	-19.35
62	-22.11
63	-25.38
64	-18.56
65	-25.53
66	-22.06
67	-19.95
68	-25.22
69	-20.84
70	-16.9
71	-20.28
72	-23.7
73	-28.78
74	-32.76
75	-23.43
76	-24.76
77	-18.7
78	-32.83
79	-16.59
80	-27.61
81	-30.61
82	-27.34
83	-30.33
84	-29.68
85	-25.9
86	-24.71
87	-23.34
88	-23.11
89	-21.15
90	-27.92
91	-21.73
92	-33.18
93	-23.27
94	-26.83
95	-28.72
96	-25.82
97	-13.91
98	-21.54
99	-24.98
100	-26.17
51	-14.62
52	-16.39
53	-10.67
54	-14.86
55	-10.59
56	-16.88
57	-6.638
58	-15.92
59	-8.244
60	-18.89
61	-11.94
62	-6.581
63	-7.905
64	-10.4
65	-10.71
66	-10.52
67	-13.22
68	-15.9
69	-20.74
70	-15.03
71	-17.86
72	-18.21
73	-6.359
74	-14.64
75	-14.04
76	-12.53
77	-5.939
78	-13.06
79	-21.55
80	-16.33
81	-7.963
82	-18.66
83	-10.3
84	-16.5
85	-16.83
86	-18.86
87	-14.66
88	-9.244
89	-13.6
90	-10.08
91	-9.704
92	-7.968
93	-9.008
94	-13.15
95	-13.96
96	-12.61
97	-15.87
98	-11.21
99	-3.961
100	-13.48
51	1.432
52	-0.9407
53	-1.579
54	-0.253
55	-0.2007
56	-0.5538
57	-0.4213
58	-2.161
59	-0.5193
60	-1.178
61	-0.9379
62	-1.789
63	-1.478
64	-0.2243
65	-0.1346
66	-0.702
67	-2.261
68	-0.5307
69	-1.774
70	-1.543
71	-1.346
72	-0.5086
73	0.2279
74	-0.4994
75	-0.2776
76	-1.335
77	-0.3802
78	-0.5967
79	-1.351
80	-2.972
81	0.2367
82	-0.6506
83	-1.519
84	-2.182
85	-0.8326
86	0.3871
87	-0.2539
88	-0.8655
89	-0.6723
90	-0.7994
91	-1.038
92	-1.287
93	-0.3832
94	-1.105
95	0.2889
96	-1.142
97	-0.3916
98	-0.6124
99	-0.4559
100	-2.014
51	12.3
52	0.3249
53	0.5734
54	3.01
55	-0.7798
56	1.284
57	8.673
58	-5.05
59	1.85
60	-3.664
61	-5.566
62	2.533
63	5.923
64	0.0344
65	-1.728
66	4.071
67	-1.65
68	-1.95
69	2.442
70	2.757
71	6.224
72	1.86
73	9.338
74	3.141
75	6.141
76	-0.8421
77	2.666
78	3.982
79	-3.561
80	-0.2767
81	3.893
82	9.496
83	6.909
84	4.613
85	1.91
86	3.633
87	-11.1
88	11.92
89	-7.24
90	1.776
91	-0.4479
92	1.728
93	1.975
94	5.258
95	4.939
96	5.364
97	1.169
98	-3.333
99	-0.9991
100	0.7876
51	6.426
52	7.586
53	6.813
54	6.586
55	6.959
56	7.121
57	7.452
58	7.395
59	7.262
60	5.844
61	7.0
62	6.727
63	7.325
64	7.114
65	5.72
66	6.715
67	6.418
68	6.783
69	5.761
70	6.728
71	6.182
72	6.935
73	5.874
74	6.747
75	6.381
76	6.188
77	7.057
78	6.121
79	6.26
80	6.209
81	6.835
82	6.04
83	6.474
84	6.007
85	7.203
86	6.8
87	6.207
88	6.873
89	7.621
90	5.676
91	6.383
92	6.282
93	6.964
94	6.278
95	6.43
96	6.697
97	6.076
98	6.645
99	6.54
100	6.826
51	-0.5495
52	0.5221
53	1.297
54	-1.927
55	0.4611
56	4.713
57	5.884
58	5.649
59	2.329
60	2.933
61	1.474
62	4.692
63	-0.3176
64	0.08539
65	3.505
66	-2.008
67	-3.237
68	-5.39
69	4.516
70	4.23
71	6.717
72	1.761
73	1.473
74	1.211
75	-4.247
76	0.4247
77	1.377
78	1.943
79	-1.568
80	3.784
81	2.323
82	-2.969
83	-1.466
84	3.926
85	1.119
86	2.289
87	-1.907
88	6.675
89	-2.931
90	1.668
91	1.203
92	0.2798
93	2.258
94	5.522
95	4.92
96	5.707
97	-1.854
98	2.21
99	-0.3475
100	1.815
51	2.55
52	0.8207
53	3.193
54	-0.6411
55	-0.8018
56	3.373
57	1.373
58	-1.813
59	3.118
60	1.498
61	3.361
62	2.149
63	2.784
64	2.313
65	-0.1823
66	-0.1119
67	9.06
68	3.973
69	1.789
70	5.501
71	1.891
72	4.917
73	3.763
74	2.447
75	5.981
76	-3.262
77	2.089
78	1.538
79	1.528
80	-2.26
81	0.4271
82	4.86
83	1.253
84	1.223
85	1.704
86	0.3614
87	5.364
88	-3.769
89	4.606
90	2.431
91	2.062
92	4.693
93	4.435
94	0.984
95	1.738
96	-2.695
97	-1.349
98	0.1192
99	2.827
100	3.894
51	3.562
52	3.771
53	3.807
54	3.549
55	3.895
56	4.422
57	3.951
58	4.311
59	4.054
60	3.654
61	4.254
62	4.057
63	3.956
64	4.101
65	4.094
66	4.15
67	3.946
68	4.479
69	4.003
70	4.855
71	3.747
72	3.798
73	4.412
74	3.445
75	4.12
76	3.858
77	3.769
78	4.135
79	3.704
80	4.36
81	3.805
82	3.804
83	3.749
84	3.795
85	3.661
86	3.306
87	4.03
88	3.907
89	4.191
90	3.554
91	4.068
92	4.18
93	3.555
94	3.495
95	3.473
96	4.224
97	3.793
98	3.552
99	3.49
100	4.262
51	10.53
52	7.695
53	8.208
54	7.336
55	9.704
56	8.242
57	9.162
58	8.352
59	8.893
60	6.998
61	6.265
62	8.206
63	10.37
64	8.728
65	9.906
66	8.606
67	5.795
68	7.94
69	9.358
70	7.209
71	6.426
72	9.34
73	7.41
74	9.583
75	7.682
76	6.995
77	7.958
78	8.769
79	8.114
80	8.191
81	9.274
82	8.366
83	10.81
84	6.763
85	11.57
86	7.933
87	10.86
88	8.18
89	7.451
90	7.925
91	6.945
92	8.308
93	6.933
94	11.34
95	7.544
96	7.132
97	9.095
98	10.46
99	8.785
100	7.303
51	3.09
52	3.749
53	3.823
54	4.891
55	2.857
56	3.94
57	3.126
58	3.498
59	3.955
60	3.977
61	3.477
62	3.805
63	3.921
64	2.783
65	3.891
66	3.408
67	3.632
68	4.163
69	4.355
70	3.883
71	3.665
72	3.508
73	3.657
74	3.512
75	3.78
76	4.014
77	3.945
78	3.329
79	4.316
80	4.295
81	4.293
82	4.79
83	4.911
84	3.483
85	3.719
86	3.35
87	3.013
88	3.424
89	4.239
90	3.651
91	3.773
92	3.026
93	4.691
94	3.941
95	3.487
96	4.67
97	3.898
98	3.497
99	4.375
100	2.794
51	-4.471
52	-5.003
53	-2.944
54	-4.248
55	-3.364
56	-4.249
57	-4.243
58	-4.564
59	-5.987
60	-4.176
61	-3.995
62	-4.435
63	-4.168
64	-4.333
65	-3.455
66	-4.518
67	-4.806
68	-4.669
69	-3.809
70	-4.835
71	-4.873
72	-3.995
73	-4.876
74	-3.313
75	-4.245
76	-3.952
77	-3.691
78	-2.777
79	-3.352
80	-3.617
81	-4.412
82	-4.519
83	-3.375
84	-5.277
85	-4.465
86	-3.711
87	-3.995
88	-3.827
89	-3.493
90	-4.133
91	-5.0
92	-4.574
93	-3.935
94	-4.934
95	-3.29
96	-2.659
97	-3.205
98	-2.806
99	-3.597
100	-4.549
51	-9.289
52	-6.194
53	-6.376
54	-7.18
55	-7.127
56	-7.675
57	-6.389
58	-6.499
59	-7.426
60	-5.176
61	-7.064
62	-5.549
63	-7.882
64	-5.522
65	-7.958
66	-6.199
67	-6.213
68	-7.378
69	-6.202
70	-7.369
71	-7.127
72	-4.777
73	-6.128
74	-8.549
75	-6.112
76	-8.509
77	-6.221
78	-6.756
79	-5.809
80	-7.115
81	-7.386
82	-6.142
83	-7.238
84	-7.126
85	-6.628
86	-4.075
87	-6.19
88	-5.532
89	-7.761
90	-6.503
91	-5.371
92	-9.006
93	-6.363
94	-6.45
95	-7.979
96	-6.181
97	-6.539
98	-6.798
99	-5.776
100	-7.62
51	4.443
52	8.343
53	7.668
54	7.861
55	11.93
56	8.832
57	7.425
58	10.68
59	8.181
60	8.89
61	11.56
62	6.928
63	6.669
64	10.08
65	11.46
66	8.635
67	6.297
68	9.333
69	10.64
70	6.961
71	11.92
72	9.163
73	10.16
74	6.673
75	6.437
76	8.107
77	9.63
78	7.121
79	9.54
80	9.013
81	9.604
82	6.944
83	8.51
84	8.716
85	9.772
86	9.415
87	4.84
88	9.303
89	9.907
90	9.45
91	10.23
92	13.58
93	6.577
94	7.686
95	9.018
96	10.4
97	8.645
98	11.24
99	10.52
100	12.3
51	-4.698
52	-5.24
53	-5.217
54	-5.187
55	-4.629
56	-4.706
57	-5.233
58	-4.825
59	-5.679
60	-4.862
61	-4.322
62	-4.899
63	-4.987
64	-4.791
65	-3.96
66	-4.977
67	-4.139
68	-5.033
69	-4.458
70	-3.759
71	-5.216
72	-4.813
73	-5.162
74	-4.884
75	-5.613
76	-4.982
77	-4.878
78	-4.341
79	-4.895
80	-5.159
81	-4.093
82	-4.924
83	-4.56
84	-4.625
85	-4.741
86	-4.822
87	-4.18
88	-3.704
89	-5.412
90	-5.069
91	-5.219
92	-5.203
93	-3.954
94	-5.632
95	-5.764
96	-5.261
97	-4.532
98	-4.907
99	-4.042
100	-5.685
51	2.962
52	3.317
53	4.073
54	3.408
55	3.795
56	4.023
57	3.87
58	3.45
59	3.536
60	4.02
61	3.014
62	3.768
63	4.477
64	3.562
65	2.338
66	3.618
67	4.536
68	4.222
69	3.248
70	4.98
71	3.912
72	3.274
73	4.438
74	3.585
75	2.44
76	3.565
77	3.684
78	3.086
79	3.647
80	3.759
81	3.342
82	4.279
83	4.219
84	3.236
85	2.768
86	3.072
87	3.775
88	4.006
89	2.898
90	1.556
91	3.045
92	4.321
93	4.389
94	2.965
95	3.408
96	2.839
97	3.489
98	2.783
99	4.334
100	4.209
51	-10.88
52	-10.87
53	-11.13
54	-10.72
55	-10.7
56	-11.1
57	-11.0
58	-11.65
59	-10.96
60	-11.18
61	-11.38
62	-11.17
63	-10.84
64	-11.42
65	-11.03
66	-11.44
67	-11.1
68	-10.95
69	-10.62
70	-10.38
71	-10.92
72	-11.69
73	-10.95
74	-11.56
75	-10.4
76	-10.85
77	-11.43
78	-10.32
79	-11.31
80	-10.96
81	-11.51
82	-10.77
83	-11.07
84	-11.72
85	-11.14
86	-11.05
87	-10.72
88	-11.27
89	-10.8
90	-11.11
91	-10.73
92	-11.15
93	-10.8
94	-11.08
95	-10.73
96	-10.91
97	-11.47
98	-10.92
99	-10.89
100	-10.84
51	-3.474
52	-3.421
53	-3.474
54	-3.616
55	-3.519
56	-3.773
57	-3.595
58	-3.117
59	-3.375
60	-3.019
61	-2.872
62	-3.416
63	-2.723
64	-3.939
65	-3.062
66	-2.469
67	-3.173
68	-2.637
69	-2.878
70	-3.506
71	-3.254
72	-2.355
73	-3.011
74	-2.992
75	-3.614
76	-3.514
77	-2.958
78	-3.048
79	-3.488
80	-2.859
81	-3.07
82	-3.045
83	-3.159
84	-3.475
85	-3.778
86	-2.823
87	-3.315
88	-3.279
89	-3.826
90	-3.807
91	-3.161
92	-3.227
93	-3.326
94	-2.844
95	-3.418
96	-3.553
97	-2.986
98	-2.907
99	-3.351
100	-3.537
51	-8.619
52	-9.063
53	-8.305
54	-8.503
55	-8.721
56	-9.87
57	-8.667
58	-8.873
59	-10.32
60	-11.27
61	-9.741
62	-9.022
63	-8.944
64	-7.176
65	-10.06
66	-7.622
67	-8.779
68	-9.224
69	-8.016
70	-7.595
71	-11.17
72	-9.434
73	-9.203
74	-10.09
75	-7.131
76	-10.04
77	-8.586
78	-9.398
79	-8.664
80	-7.951
81	-9.871
82	-8.516
83	-9.05
84	-8.097
85	-10.2
86	-9.415
87	-11.46
88	-10.18
89	-9.215
90	-9.046
91	-8.582
92	-8.33
93	-9.329
94	-8.777
95	-9.869
96	-9.967
97	-8.704
98	-9.065
99	-7.261
100	-8.878
51	4.473
52	3.076
53	1.556
54	0.8485
55	2.785
56	2.997
57	4.097
58	5.71
59	5.561
60	3.623
61	4.125
62	6.162
63	0.0881
64	2.554
65	3.438
66	5.042
67	7.71
68	4.449
69	3.637
70	4.274
71	5.429
72	3.442
73	3.02
74	2.077
75	3.799
76	0.9297
77	4.437
78	1.651
79	1.906
80	2.131
81	3.775
82	5.244
83	3.189
84	4.505
85	2.203
86	1.954
87	-0.2582
88	3.492
89	5.644
90	3.316
91	3.368
92	4.144
93	3.618
94	5.255
95	3.365
96	4.866
97	2.835
98	4.203
99	3.154
100	7.551
51	1.043
52	1.621
53	1.024
54	2.698
55	0.5033
56	1.02
57	1.119
58	1.699
59	1.077
60	2.323
61	1.727
62	0.8064
63	0.06137
64	1.721
65	1.23
66	2.761
67	1.643
68	0.9764
69	0.06017
70	1.062
71	-0.08609
72	2.602
73	1.103
74	1.657
75	1.563
76	0.7942
77	1.924
78	1.383
79	1.355
80	0.7787
81	0.5464
82	1.491
83	1.367
84	1.581
85	1.013
86	0.5658
87	0.7459
88	2.034
89	-0.85
90	1.956
91	1.393
92	0.7023
93	1.527
94	1.943
95	1.189
96	0.8158
97	0.4966
98	-0.5411
99	0.7975
100	1.097
51	5.791
52	2.459
53	2.654
54	1.263
55	4.128
56	2.673
57	4.066
58	3.609
59	4.578
60	3.969
61	3.894
62	3.77
63	2.554
64	3.949
65	4.683
66	2.737
67	4.967
68	2.359
69	2.903
70	3.88
71	2.07
72	2.253
73	2.432
74	2.645
75	4.19
76	4.792
77	5.784
78	4.215
79	1.08
80	3.474
81	5.023
82	6.162
83	2.884
84	7.992
85	4.273
86	3.705
87	3.97
88	4.481
89	3.928
90	3.577
91	2.88
92	3.394
93	3.763
94	3.498
95	1.113
96	6.47
97	3.019
98	4.41
99	5.571
100	3.557
51	6.983
52	6.463
53	6.241
54	5.479
55	6.243
56	5.652
57	6.065
58	6.659
59	5.781
60	6.599
61	6.535
62	6.465
63	6.715
64	7.099
65	6.812
66	5.801
67	6.208
68	4.94
69	6.405
70	6.333
71	7.425
72	6.51
73	5.911
74	7.057
75	6.557
76	7.52
77	6.936
78	6.386
79	6.035
80	7.188
81	6.452
82	6.567
83	6.804
84	6.712
85	6.203
86	6.3
87	5.886
88	6.061
89	5.604
90	6.748
91	6.636
92	6.253
93	6.409
94	6.283
95	5.891
96	6.477
97	5.476
98	5.232
99	6.462
100	6.607
51	-4.949
52	-3.56
53	-5.007
54	-5.795
55	-5.092
56	-4.127
57	-5.136
58	-4.396
59	-4.193
60	-5.635
61	-3.597
62	-6.193
63	-5.1
64	-4.767
65	-5.217
66	-5.925
67	-5.309
68	-4.929
69	-4.331
70	-5.135
71	-5.235
72	-3.952
73	-5.154
74	-5.258
75	-4.54
76	-4.481
77	-4.426
78	-5.721
79	-5.183
80	-5.715
81	-6.488
82	-5.243
83	-5.329
84	-5.093
85	-5.772
86	-5.685
87	-4.052
88	-5.47
89	-5.557
90	-3.652
91	-6.649
92	-4.405
93	-6.114
94	-5.512
95	-5.419
96	-4.45
97	-5.075
98	-4.677
99	-6.163
100	-5.664
51	-0.3861
52	-0.65
53	-1.175
54	-0.6111
55	0.1106
56	-0.8685
57	-1.078
58	-0.8234
59	-0.4772
60	-0.3668
61	-0.374
62	-0.7689
63	-0.2651
64	-0.922
65	0.3258
66	-1.155
67	-1.25
68	-1.083
69	-0.6643
70	-1.02
71	-1.078
72	-1.129
73	-0.2072
74	-0.8443
75	-0.4449
76	0.4498
77	-0.7779
78	-0.9996
79	-1.078
80	0.3422
81	-0.8344
82	-0.4241
83	-0.991
84	-0.8956
85	-0.3996
86	-0.01123
87	-1.033
88	-1.174
89	-0.7102
90	-0.9068
91	-0.7607
92	0.1386
93	-0.4218
94	-0.1398
95	-0.5019
96	-0.4405
97	-0.5951
98	-0.1728
99	-0.7991
100	-0.9741
51	-1.532
52	0.2397
53	-1.66
54	-0.5898
55	0.07857
56	-0.555
57	-0.41
58	0.8596
59	1.363
60	-1.325
61	0.7052
62	0.08403
63	-0.9012
64	0.6818
65	-0.4261
66	0.4286
67	-0.09802
68	-0.06133
69	0.8216
70	-0.115
71	0.01198
72	-0.4304
73	0.6169
74	-0.1759
75	-1.161
76	1.569
77	0.5749
78	-0.01911
79	-0.23
80	1.257
81	-1.017
82	0.1715
83	-0.2655
84	-0.2739
85	0.3928
86	0.4778
87	-2.408
88	0.8729
89	-0.7299
90	-0.5915
91	0.7535
92	1.007
93	-0.1659
94	0.2806
95	-0.9118
96	0.522
97	1.048
98	0.09752
99	0.4383
100	-0.1777
51	-5.563
52	-5.177
53	-3.689
54	-5.481
55	-5.705
56	-3.311
57	-4.597
58	-7.14
59	-3.978
60	-4.918
61	-5.734
62	-3.046
63	-3.907
64	-4.141
65	-6.399
66	-2.731
67	-2.96
68	-6.056
69	-4.679
70	-4.954
71	-4.625
72	-7.588
73	-6.785
74	-4.096
75	-4.02
76	-6.098
77	-7.229
78	-4.23
79	-5.736
80	-6.436
81	-4.327
82	-5.504
83	-3.615
84	-3.258
85	-3.467
86	-5.559
87	-6.659
88	-1.99
89	-6.056
90	-6.255
91	-5.559
92	-4.28
93	-5.138
94	-4.549
95	-3.2
96	-4.835
97	-4.801
98	-4.383
99	-5.259
100	-4.575
51	-3.127
52	-2.669
53	-1.496
54	-2.808
55	-4.19
56	-3.182
57	-2.958
58	-3.809
59	-1.022
60	-2.312
61	-3.293
62	-2.284
63	-2.704
64	-1.856
65	-3.052
66	-1.419
67	-3.196
68	-2.921
69	-3.458
70	-2.028
71	-1.92
72	-3.416
73	-1.721
74	-2.743
75	-3.52
76	-1.656
77	-3.283
78	-3.842
79	-3.866
80	-2.545
81	-1.711
82	-3.842
83	-2.427
84	-2.591
85	-2.891
86	-1.224
87	-0.7008
88	-2.777
89	-3.294
90	-2.874
91	-1.79
92	-1.775
93	-3.313
94	-2.429
95	-1.655
96	-4.188
97	-2.876
98	-2.267
99	-2.504
100	-2.204
51	-7.003
52	-7.7
53	-6.786
54	-7.756
55	-8.218
56	-6.778
57	-8.635
58	-6.655
59	-8.032
60	-7.597
61	-6.891
62	-7.2
63	-6.301
64	-7.516
65	-7.212
66	-6.965
67	-7.611
68	-8.463
69	-8.654
70	-7.823
71	-8.047
72	-7.396
73	-6.698
74	-6.62
75	-7.47
76	-7.929
77	-6.898
78	-7.25
79	-8.244
80	-7.85
81	-6.969
82	-7.128
83	-7.562
84	-7.564
85	-6.826
86	-7.627
87	-7.532
88	-7.753
89	-6.972
90	-9.096
91	-7.805
92	-6.964
93	-8.275
94	-7.272
95	-6.555
96	-7.483
97	-7.314
98	-7.474
99	-7.887
100	-7.13
51	-3.178
52	-1.828
53	-1.288
54	0.2824
55	-2.179
56	-2.328
57	-0.6248
58	0.05621
59	-1.599
60	-0.7028
61	-2.792
62	-3.245
63	0.1423
64	-3.096
65	-0.907
66	-1.651
67	-2.173
68	0.662
69	-0.1992
70	0.1626
71	-0.8274
72	-0.1657
73	-2.317
74	-0.3939
75	-2.16
76	-0.7317
77	-1.836
78	-1.219
79	-2.288
80	-2.023
81	-0.2597
82	-0.4849
83	-2.16
84	-0.07588
85	-0.4622
86	-0.01407
87	-0.8359
88	-0.8679
89	-0.8754
90	0.6972
91	-0.5332
92	-0.6635
93	-0.4449
94	-1.683
95	-0.7612
96	-0.09394
97	-1.482
98	-3.115
99	-2.04
100	0.8008
51	2.617
52	-2.623
53	1.476
54	3.248
55	2.004
56	1.373
57	-1.386
58	0.8599
59	0.4984
60	0.3599
61	0.4731
62	1.878
63	-0.143
64	0.03832
65	1.841
66	2.091
67	1.379
68	5.244
69	-0.2111
70	6.086
71	4.372
72	0.2941
73	3.615
74	5.765
75	3.437
76	5.634
77	7.327
78	0.2837
79	2.629
80	-0.5168
81	4.749
82	4.727
83	-0.359
84	2.46
85	-1.367
86	3.119
87	-0.2356
88	0.8399
89	0.983
90	-1.671
91	0.5583
92	1.992
93	5.045
94	4.797
95	3.479
96	-0.2191
97	-4.539
98	-1.379
99	1.946
100	-0.2547
51	-0.2843
52	0.7598
53	-0.5616
54	-1.83
55	-2.295
56	-2.322
57	0.9677
58	0.6415
59	0.0472
60	1.633
61	-2.836
62	1.922
63	-0.7547
64	1.102
65	-0.3725
66	-1.086
67	-0.7795
68	0.5243
69	-1.817
70	-0.08341
71	1.259
72	2.293
73	-0.08722
74	-0.4556
75	-3.897
76	-1.473
77	2.012
78	0.4929
79	-3.554
80	0.601
81	-1.174
82	0.04667
83	-0.632
84	-3.525
85	-1.212
86	1.184
87	-1.423
88	-1.081
89	-0.1786
90	1.5
91	1.804
92	-0.7758
93	-1.707
94	-1.255
95	-0.6812
96	1.989
97	0.9468
98	1.085
99	2.961
100	-0.8904
51	-1.417
52	-1.127
53	-1.338
54	-3.3
55	-4.672
56	0.2644
57	-1.448
58	-2.542
59	-2.946
60	-3.309
61	-1.401
62	-1.818
63	-4.772
64	-1.495
65	-3.034
66	-2.986
67	-1.531
68	-1.96
69	-1.215
70	-3.259
71	0.05709
72	-1.988
73	-0.8574
74	-1.672
75	0.3493
76	-0.6569
77	-0.6981
78	-1.158
79	-1.836
80	-1.872
81	-0.03503
82	-2.477
83	-0.9243
84	-1.992
85	-1.96
86	0.1508
87	-2.888
88	-3.681
89	-2.531
90	-3.353
91	-0.08638
92	-2.07
93	-1.165
94	-3.423
95	-0.969
96	-1.077
97	-1.903
98	-1.878
99	-1.419
100	-2.418
51	-2.789
52	3.014
53	2.855
54	1.513
55	3.418
56	3.317
57	1.573
58	0.1896
59	-0.2752
60	1.171
61	0.05109
62	1.175
63	-0.1006
64	-0.0181
65	2.358
66	0.585
67	0.4891
68	1.711
69	3.631
70	-0.4327
71	4.264
72	1.998
73	1.166
74	2.274
75	1.712
76	-0.5571
77	2.214
78	0.5923
79	-0.06369
80	0.8563
81	0.5247
82	1.738
83	-1.07
84	1.13
85	0.1063
86	0.3456
87	3.988
88	0.4955
89	2.364
90	4.167
91	-0.4644
92	0.9562
93	2.931
94	2.074
95	1.755
96	0.03331
97	1.301
98	2.181
99	2.095
100	2.739
51	3.924
52	4.736
53	5.198
54	3.944
55	4.726
56	6.312
57	3.899
58	3.282
59	5.182
60	4.169
61	4.118
62	4.69
63	4.175
64	5.096
65	5.087
66	3.63
67	4.271
68	4.402
69	4.676
70	3.732
71	4.896
72	4.105
73	4.35
74	4.934
75	3.97
76	5.37
77	4.728
78	4.85
79	3.283
80	4.482
81	4.453
82	5.178
83	4.288
84	4.391
85	5.437
86	4.029
87	4.46
88	4.948
89	3.188
90	4.614
91	3.866
92	4.473
93	6.014
94	4.136
95	5.19
96	5.057
97	4.804
98	4.838
99	5.549
100	4.92
51	1.478
52	1.019
53	1.139
54	0.7496
55	1.315
56	1.379
57	-0.07639
58	2.039
59	0.9022
60	0.6555
61	0.02785
62	0.6805
63	1.231
64	-0.1134
65	1.86
66	1.023
67	1.944
68	0.1914
69	2.145
70	0.9417
71	0.2434
72	1.224
73	0.5073
74	0.1542
75	0.295
76	0.4049
77	0.5588
78	0.7784
79	1.261
80	1.44
81	0.5063
82	0.6473
83	0.03793
84	0.2262
85	1.126
86	1.046
87	0.03858
88	1.091
89	-0.2097
90	0.8316
91	1.269
92	1.565
93	1.437
94	1.646
95	2.309
96	0.2278
97	1.629
98	1.378
99	1.591
100	2.048
51	1.481
52	-0.8007
53	0.05325
54	0.8113
55	-0.3255
56	-1.5
57	0.4652
58	1.489
59	-1.515
60	1.631
61	0.9575
62	1.032
63	1.804
64	-1.615
65	2.145
66	-1.526
67	0.3172
68	0.5776
69	1.723
70	0.1395
71	1.713
72	-0.8859
73	-0.3483
74	0.5398
75	0.6705
76	0.8464
77	-0.3924
78	-1.129
79	1.684
80	-2.03
81	1.172
82	-0.03879
83	0.4553
84	0.378
85	2.803
86	-0.4929
87	1.318
88	-1.122
89	2.771
90	0.4285
91	-0.8404
92	-0.6576
93	2.827
94	2.08
95	0.6696
96	-1.986
97	-1.732
98	-0.571
99	1.286
100	0.108
51	3.0
52	3.005
53	3.209
54	2.708
55	3.153
56	3.39
57	3.028
58	3.324
59	3.128
60	3.023
61	2.788
62	2.382
63	2.966
64	3.332
65	3.148
66	3.047
67	2.895
68	2.789
69	3.143
70	2.744
71	2.942
72	2.946
73	2.944
74	3.562
75	3.273
76	3.441
77	3.256
78	3.278
79	3.144
80	3.192
81	3.369
82	2.647
83	3.175
84	3.32
85	3.026
86	3.457
87	2.717
88	3.215
89	2.531
90	2.896
91	3.157
92	3.323
93	3.027
94	3.375
95	3.439
96	2.533
97	2.683
98	3.032
99	3.453
100	3.082
51	-15.71
52	-14.66
53	-14.34
54	-15.52
55	-15.13
56	-15.33
57	-14.43
58	-15.4
59	-14.46
60	-14.18
61	-14.61
62	-15.01
63	-13.89
64	-14.66
65	-14.13
66	-14.22
67	-15.03
68	-15.47
69	-13.55
70	-14.73
71	-15.04
72	-14.11
73	-13.72
74	-14.26
75	-14.7
76	-13.87
77	-14.19
78	-14.7
79	-14.06
80	-13.9
81	-15.02
82	-14.79
83	-14.74
84	-14.94
85	-14.67
86	-14.84
87	-15.06
88	-13.86
89	-14.76
90	-14.75
91	-15.16
92	-14.43
93	-14.77
94	-14.47
95	-16.13
96	-14.31
97	-14.23
98	-14.16
99	-14.88
100	-14.95
51	-2.66
52	-1.935
53	-1.694
54	-2.576
55	-4.722
56	-1.895
57	-3.697
58	-2.711
59	-3.172
60	-1.745
61	-4.884
62	-1.841
63	-3.182
64	-3.532
65	-2.825
66	-1.782
67	-4.295
68	0.4845
69	-1.004
70	-3.673
71	-3.941
72	-2.148
73	-3.498
74	-5.215
75	-2.92
76	-5.44
77	-0.2605
78	-2.564
79	-2.213
80	-1.334
81	-0.4917
82	-1.352
83	-2.701
84	-3.04
85	-2.815
86	-1.945
87	-3.454
88	-2.452
89	-5.109
90	-1.513
91	-4.083
92	-1.129
93	-1.996
94	-4.672
95	-3.014
96	-5.168
97	-2.286
98	-1.976
99	-2.893
100	-3.148
51	6.098
52	6.297
53	7.962
54	7.893
55	6.988
56	6.1
57	6.579
58	7.257
59	5.477
60	6.147
61	7.003
62	6.184
63	6.732
64	7.343
65	6.499
66	6.928
67	7.994
68	6.343
69	8.487
70	7.108
71	7.388
72	8.677
73	6.573
74	7.088
75	6.015
76	6.625
77	7.081
78	6.179
79	5.959
80	6.791
81	8.235
82	6.829
83	6.354
84	7.893
85	6.252
86	6.712
87	6.997
88	6.387
89	5.78
90	7.024
91	6.059
92	6.555
93	7.461
94	10.11
95	5.596
96	7.721
97	6.759
98	5.144
99	4.842
100	7.964
51	4.788
52	4.242
53	4.479
54	4.305
55	5.168
56	3.765
57	3.203
58	3.909
59	3.101
60	4.323
61	3.427
62	3.461
63	4.737
64	4.752
65	4.12
66	3.995
67	4.696
68	3.359
69	3.407
70	3.986
71	3.133
72	4.388
73	4.255
74	3.873
75	4.824
76	3.832
77	3.504
78	4.756
79	3.001
80	3.878
81	4.33
82	4.905
83	3.672
84	3.519
85	3.519
86	3.785
87	3.866
88	4.562
89	4.537
90	3.595
91	4.945
92	2.921
93	4.408
94	4.201
95	3.172
96	3.689
97	4.22
98	3.84
99	5.072
100	4.308
51	-0.7713
52	-7.748
53	0.003935
54	-6.17
55	-5.08
56	-2.833
57	-0.4529
58	2.763
59	-4.931
60	-0.8381
61	-4.489
62	-4.969
63	-4.076
64	-1.271
65	-2.232
66	-2.899
67	-2.337
68	-2.729
69	-9.186
70	-0.6432
71	-4.295
72	-1.352
73	-4.811
74	-3.808
75	-8.494
76	-1.127
77	-1.488
78	-8.571
79	-1.554
80	-2.865
81	-6.586
82	-1.226
83	-3.602
84	-3.969
85	-2.316
86	-2.15
87	-3.529
88	-0.7427
89	-4.605
90	-2.607
91	-1.391
92	-7.337
93	-3.741
94	-5.698
95	-1.605
96	-1.635
97	-3.192
98	-6.215
99	-6.674
100	-4.429
51	7.126
52	7.736
53	6.938
54	7.112
55	8.306
56	7.154
57	8.034
58	7.123
59	7.826
60	9.429
61	7.165
62	7.267
63	7.415
64	6.584
65	6.119
66	7.396
67	8.047
68	8.023
69	5.741
70	8.077
71	8.228
72	7.586
73	7.717
74	7.47
75	8.795
76	6.967
77	8.363
78	8.135
79	8.665
80	7.695
81	8.227
82	8.146
83	6.194
84	7.906
85	8.92
86	7.551
87	7.624
88	6.876
89	6.581
90	8.389
91	8.045
92	8.001
93	6.754
94	6.793
95	8.045
96	6.296
97	9.778
98	8.075
99	5.414
100	7.341
51	2.795
52	4.433
53	3.807
54	4.221
55	4.36
56	4.875
57	4.303
58	3.879
59	3.046
60	3.342
61	4.576
62	3.574
63	3.462
64	2.837
65	3.538
66	3.239
67	4.325
68	2.706
69	2.597
70	2.991
71	4.171
72	2.071
73	3.172
74	4.906
75	3.364
76	2.831
77	4.208
78	3.821
79	3.428
80	3.094
81	3.963
82	3.469
83	4.222
84	4.504
85	2.779
86	2.443
87	3.953
88	2.211
89	2.154
90	4.23
91	3.808
92	3.711
93	4.161
94	4.131
95	3.422
96	2.026
97	2.903
98	4.687
99	5.923
100	1.148
51	4.702
52	4.762
53	3.453
54	3.692
55	9.476
56	4.777
57	2.626
58	4.976
59	4.826
60	2.944
61	6.008
62	4.697
63	5.129
64	3.807
65	5.162
66	0.587
67	4.623
68	5.373
69	6.067
70	3.97
71	7.361
72	3.852
73	3.101
74	7.154
75	3.903
76	6.26
77	4.952
78	2.774
79	5.016
80	4.29
81	5.187
82	5.801
83	5.445
84	3.834
85	5.958
86	9.135
87	4.408
88	6.309
89	5.507
90	7.148
91	4.106
92	4.383
93	4.439
94	7.512
95	4.444
96	4.305
97	6.176
98	4.338
99	0.1781
100	5.341
51	3.982
52	4.085
53	5.217
54	3.773
55	4.168
56	4.633
57	4.351
58	4.526
59	3.666
60	3.994
61	5.116
62	4.291
63	4.21
64	3.958
65	4.783
66	4.834
67	4.536
68	3.523
69	4.325
70	4.589
71	4.28
72	2.525
73	4.346
74	4.193
75	4.251
76	4.53
77	3.798
78	4.006
79	3.931
80	4.11
81	5.003
82	4.445
83	3.444
84	4.279
85	4.558
86	4.319
87	4.653
88	3.509
89	4.401
90	4.117
91	2.865
92	3.919
93	5.351
94	4.491
95	3.585
96	3.99
97	3.683
98	3.65
99	5.097
100	4.656
51	-7.452
52	-7.929
53	-7.063
54	-7.273
55	-5.927
56	-6.796
57	-7.224
58	-7.315
59	-7.726
60	-7.552
61	-7.234
62	-6.746
63	-6.193
64	-6.834
65	-7.318
66	-6.932
67	-5.892
68	-6.98
69	-7.059
70	-6.625
71	-7.895
72	-7.701
73	-7.971
74	-6.431
75	-6.191
76	-7.032
77	-6.897
78	-6.773
79	-7.695
80	-6.392
81	-6.365
82	-6.178
83	-6.951
84	-7.904
85	-7.027
86	-6.508
87	-7.252
88	-7.651
89	-6.752
90	-8.661
91	-7.257
92	-7.344
93	-6.464
94	-8.072
95	-6.98
96	-6.508
97	-6.066
98	-6.578
99	-7.978
100	-6.427
51	-5.278
52	-5.72
53	-6.183
54	-6.143
55	-6.037
56	-4.203
57	-4.331
58	-5.855
59	-4.623
60	-5.797
61	-5.822
62	-5.498
63	-5.164
64	-4.99
65	-4.831
66	-4.334
67	-5.31
68	-5.346
69	-3.66
70	-5.846
71	-6.017
72	-3.639
73	-5.505
74	-5.571
75	-5.005
76	-4.784
77	-5.794
78	-5.132
79	-6.01
80	-5.695
81	-5.108
82	-5.091
83	-5.546
84	-4.78
85	-5.97
86	-6.205
87	-6.006
88	-5.662
89	-5.117
90	-5.262
91	-5.215
92	-5.707
93	-3.904
94	-4.589
95	-5.649
96	-5.527
97	-5.879
98	-5.147
99	-4.253
100	-5.769
51	-1.955
52	-1.148
53	-1.653
54	-1.541
55	-1.224
56	-1.244
57	-1.51
58	-1.862
59	-1.78
60	-1.664
61	-1.716
62	-1.669
63	-1.555
64	-1.71
65	-1.696
66	-1.164
67	-2.234
68	-2.036
69	-1.949
70	-1.603
71	-1.921
72	-2.158
73	-1.681
74	-2.008
75	-1.497
76	-2.418
77	-1.905
78	-1.88
79	-1.799
80	-1.835
81	-1.178
82	-1.829
83	-0.9161
84	-1.601
85	-1.866
86	-1.777
87	-1.585
88	-1.625
89	-1.814
90	-1.502
91	-1.389
92	-1.721
93	-1.78
94	-2.09
95	-1.757
96	-1.087
97	-2.042
98	-1.641
99	-1.751
100	-1.174
51	2.552
52	2.821
53	4.957
54	1.275
55	6.189
56	5.706
57	4.314
58	1.787
59	4.238
60	2.729
61	3.496
62	-0.3689
63	7.924
64	4.435
65	9.155
66	5.185
67	7.454
68	2.702
69	7.192
70	9.535
71	6.881
72	-0.7552
73	4.512
74	3.591
75	6.005
76	1.664
77	5.674
78	8.315
79	2.882
80	-1.43
81	4.684
82	4.193
83	3.5
84	7.097
85	2.017
86	2.864
87	7.782
88	2.172
89	0.1558
90	5.395
91	5.277
92	0.6426
93	10.1
94	8.936
95	2.108
96	4.339
97	2.177
98	2.271
99	1.577
100	6.914
51	-7.751
52	-8.276
53	-8.972
54	-8.303
55	-8.781
56	-8.29
57	-8.56
58	-7.211
59	-7.979
60	-8.18
61	-8.862
62	-8.463
63	-7.911
64	-8.909
65	-8.233
66	-8.688
67	-8.324
68	-8.448
69	-8.915
70	-8.914
71	-8.293
72	-8.069
73	-8.513
74	-7.816
75	-8.271
76	-8.352
77	-9.149
78	-8.03
79	-8.643
80	-7.679
81	-7.459
82	-8.095
83	-7.38
84	-8.393
85	-8.166
86	-8.313
87	-7.757
88	-9.227
89	-8.83
90	-7.767
91	-8.299
92	-7.705
93	-8.475
94	-8.218
95	-8.183
96	-7.648
97	-8.911
98	-8.597
99	-8.103
100	-8.093
51	-1.158
52	-0.5219
53	-1.075
54	-0.3286
55	-1.333
56	-1.612
57	-1.908
58	-0.8756
59	-1.8
60	-0.5031
61	-1.866
62	-1.885
63	-1.213
64	-1.479
65	-1.33
66	-1.439
67	-1.415
68	-1.281
69	-0.1244
70	-0.7751
71	-0.8734
72	-0.315
73	-1.741
74	-1.466
75	-1.128
76	-1.278
77	-2.335
78	-0.6408
79	-0.6901
80	-0.3987
81	-2.785
82	0.05508
83	-2.238
84	-0.6821
85	-0.766
86	-0.5247
87	-1.187
88	-1.585
89	-1.483
90	-1.312
91	-1.456
92	-0.6525
93	-2.125
94	-1.45
95	-1.128
96	-2.123
97	-0.7706
98	-1.028
99	-2.966
100	-1.608
51	3253.0
52	3221.0
53	3240.0
54	3241.0
55	3236.0
56	3242.0
57	3230.0
58	3242.0
59	3255.0
60	3220.0
61	3229.0
62	3225.0
63	3243.0
64	3211.0
65	3212.0
66	3251.0
67	3265.0
68	3248.0
69	3253.0
70	3244.0
71	3244.0
72	3247.0
73	3228.0
74	3241.0
75	3237.0
76	3247.0
77	3249.0
78	3217.0
79	3235.0
80	3238.0
81	3238.0
82	3234.0
83	3230.0
84	3246.0
85	3221.0
86	3229.0
87	3253.0
88	3233.0
89	3262.0
90	3254.0
91	3213.0
92	3235.0
93	3245.0
94	3246.0
95	3252.0
96	3246.0
97	3231.0
98	3230.0
99	3277.0
100	3250.0
51	9.686
52	13.21
53	5.989
54	14.56
55	-10.86
56	-9.849
57	9.427
58	8.461
59	-14.07
60	12.19
61	6.506
62	-3.979
63	-4.376
64	6.572
65	1.657
66	-3.834
67	-25.02
68	7.676
69	-6.589
70	0.4555
71	-4.354
72	15.24
73	-4.473
74	-18.47
75	-10.15
76	0.3044
77	-21.84
78	8.551
79	6.698
80	4.287
81	-10.27
82	18.04
83	-8.581
84	-0.6354
85	-3.507
86	2.823
87	-15.84
88	-10.93
89	-8.526
90	1.98
91	-9.659
92	7.921
93	-5.212
94	-15.57
95	-19.37
96	-13.92
97	4.39
98	0.484
99	-33.84
100	-30.33
