V0_new[1]	1	50
V0_new[2]	51	100
V0_new[3]	101	150
V0_new[4]	151	200
V0_new[5]	201	250
V0_new[6]	251	300
V0_new[7]	301	350
V0_new[8]	351	400
V0_new[9]	401	450
V0_new[10]	451	500
V0_new[11]	501	550
V0_new[12]	551	600
V0_new[13]	601	650
V0_new[14]	651	700
V0_new[15]	701	750
V0_new[16]	751	800
V0_new[17]	801	850
V0_new[18]	851	900
V0_new[19]	901	950
V0_new[20]	951	1000
V0_new[21]	1001	1050
V0_new[22]	1051	1100
V0_new[23]	1101	1150
V0_new[24]	1151	1200
V0_new[25]	1201	1250
V0_new[26]	1251	1300
V0_new[27]	1301	1350
V0_new[28]	1351	1400
V0_new[29]	1401	1450
V0_new[30]	1451	1500
V0_new[31]	1501	1550
V0_new[32]	1551	1600
V0_new[33]	1601	1650
V0_new[34]	1651	1700
V0_new[35]	1701	1750
V0_new[36]	1751	1800
V0_new[37]	1801	1850
V0_new[38]	1851	1900
V0_new[39]	1901	1950
V0_new[40]	1951	2000
V0_new[41]	2001	2050
V0_new[42]	2051	2100
V0_new[43]	2101	2150
V0_new[44]	2151	2200
V0_new[45]	2201	2250
V0_new[46]	2251	2300
V0_new[47]	2301	2350
V0_new[48]	2351	2400
V0_new[49]	2401	2450
V0_new[50]	2451	2500
V1_new[1]	2501	2550
V1_new[2]	2551	2600
V1_new[3]	2601	2650
V1_new[4]	2651	2700
V1_new[5]	2701	2750
V1_new[6]	2751	2800
V1_new[7]	2801	2850
V1_new[8]	2851	2900
V1_new[9]	2901	2950
V1_new[10]	2951	3000
V1_new[11]	3001	3050
V1_new[12]	3051	3100
V1_new[13]	3101	3150
V1_new[14]	3151	3200
V1_new[15]	3201	3250
V1_new[16]	3251	3300
V1_new[17]	3301	3350
V1_new[18]	3351	3400
V1_new[19]	3401	3450
V1_new[20]	3451	3500
V1_new[21]	3501	3550
V1_new[22]	3551	3600
V1_new[23]	3601	3650
V1_new[24]	3651	3700
V1_new[25]	3701	3750
V1_new[26]	3751	3800
V1_new[27]	3801	3850
V1_new[28]	3851	3900
V1_new[29]	3901	3950
V1_new[30]	3951	4000
V1_new[31]	4001	4050
V1_new[32]	4051	4100
V1_new[33]	4101	4150
V1_new[34]	4151	4200
V1_new[35]	4201	4250
V1_new[36]	4251	4300
V1_new[37]	4301	4350
V1_new[38]	4351	4400
V1_new[39]	4401	4450
V1_new[40]	4451	4500
V1_new[41]	4501	4550
V1_new[42]	4551	4600
V1_new[43]	4601	4650
V1_new[44]	4651	4700
V1_new[45]	4701	4750
V1_new[46]	4751	4800
V1_new[47]	4801	4850
V1_new[48]	4851	4900
V1_new[49]	4901	4950
V1_new[50]	4951	5000
deviance	5001	5050
y_new[438]	5051	5100
