51	-11.56
52	-8.957
53	-7.899
54	-8.418
55	2.841
56	-17.33
57	-6.611
58	-22.51
59	-12.93
60	-15.51
61	-4.751
62	-23.09
63	-17.99
64	-19.71
65	-2.871
66	-15.27
67	-10.54
68	-14.59
69	-13.22
70	-18.82
71	-12.48
72	-16.16
73	1.305
74	-6.564
75	-8.289
76	-9.898
77	-6.26
78	-11.37
79	-15.23
80	-7.235
81	-9.231
82	-5.568
83	-6.45
84	-8.55
85	-10.4
86	-18.99
87	-9.671
88	-8.456
89	-16.48
90	-17.49
91	-8.781
92	-4.437
93	-5.557
94	-4.265
95	-17.14
96	-13.69
97	-21.63
98	-2.648
99	-16.9
100	-14.54
51	10.37
52	1.208
53	2.207
54	-1.507
55	0.7918
56	-6.67
57	0.5686
58	-4.256
59	-3.35
60	14.21
61	0.4744
62	-9.101
63	9.845
64	7.113
65	8.785
66	-7.429
67	-0.5445
68	-2.977
69	-3.844
70	0.5503
71	-7.074
72	2.23
73	-5.128
74	1.559
75	2.869
76	-9.991
77	-3.28
78	2.302
79	4.971
80	11.13
81	1.245
82	-7.816
83	-3.998
84	12.07
85	-7.302
86	10.3
87	6.246
88	-3.668
89	0.5625
90	7.113
91	4.114
92	6.272
93	-12.67
94	5.704
95	2.403
96	-1.113
97	0.134
98	13.8
99	3.129
100	0.03912
51	13.87
52	7.363
53	7.601
54	-4.206
55	9.634
56	4.757
57	4.818
58	9.803
59	20.01
60	14.39
61	20.02
62	6.693
63	19.47
64	11.73
65	10.01
66	5.162
67	0.5612
68	15.52
69	10.94
70	12.5
71	13.63
72	7.181
73	17.64
74	2.481
75	13.21
76	20.01
77	12.86
78	12.15
79	14.12
80	7.984
81	2.728
82	13.7
83	6.61
84	9.286
85	8.061
86	12.44
87	18.03
88	2.861
89	2.888
90	14.55
91	3.135
92	16.05
93	14.66
94	13.07
95	10.24
96	20.74
97	4.733
98	9.021
99	15.54
100	5.24
51	-5.745
52	-14.29
53	-20.07
54	-7.03
55	-22.08
56	-8.44
57	-2.438
58	-5.072
59	-0.1413
60	-2.371
61	-10.07
62	-9.275
63	-5.303
64	-10.92
65	-17.01
66	-13.29
67	-9.526
68	-1.272
69	-16.25
70	-11.79
71	-5.846
72	-9.559
73	-16.33
74	-18.58
75	-19.15
76	-10.98
77	-11.67
78	-16.01
79	-7.014
80	-11.33
81	-6.856
82	-0.248
83	-13.12
84	-18.61
85	-17.47
86	-0.07858
87	-0.528
88	-2.5
89	-8.256
90	-7.027
91	-6.905
92	-11.37
93	-9.101
94	-13.65
95	-4.618
96	2.985
97	-11.84
98	-13.05
99	-13.34
100	-14.51
51	-0.09646
52	5.673
53	12.88
54	7.199
55	-8.21
56	9.115
57	-11.68
58	3.131
59	3.511
60	3.58
61	-2.248
62	-4.316
63	6.855
64	-2.984
65	12.22
66	-1.721
67	11.59
68	7.843
69	-3.322
70	0.0604
71	-0.6338
72	3.723
73	4.136
74	1.285
75	5.66
76	-1.655
77	6.506
78	1.829
79	3.344
80	10.32
81	-7.613
82	8.312
83	-3.871
84	5.163
85	8.49
86	4.861
87	-11.57
88	2.581
89	-8.784
90	2.902
91	4.939
92	-2.612
93	7.607
94	-10.42
95	6.108
96	1.905
97	-1.146
98	5.704
99	8.7
100	-4.771
51	-7.283
52	-7.121
53	-8.044
54	-9.693
55	-6.692
56	-12.42
57	-11.31
58	-9.79
59	-14.74
60	-10.67
61	-12.92
62	-7.293
63	-11.74
64	-16.96
65	-8.525
66	-9.848
67	-3.711
68	-11.63
69	-2.222
70	-7.202
71	-4.094
72	-8.78
73	-9.555
74	-10.79
75	-16.0
76	-3.576
77	-5.817
78	-14.0
79	-11.45
80	-5.67
81	-12.2
82	-12.43
83	-15.32
84	-6.996
85	-6.164
86	-8.275
87	-14.78
88	-12.47
89	-14.34
90	-7.417
91	-9.319
92	-2.9
93	-3.381
94	-14.35
95	-12.41
96	-7.675
97	-3.327
98	-5.515
99	-9.575
100	-10.08
51	16.34
52	5.903
53	12.61
54	5.475
55	5.424
56	2.536
57	8.538
58	14.57
59	16.22
60	-1.16
61	7.53
62	14.66
63	5.194
64	-1.976
65	-4.134
66	3.191
67	8.324
68	10.56
69	8.27
70	11.67
71	2.395
72	0.1026
73	2.576
74	19.07
75	6.709
76	8.691
77	6.056
78	3.145
79	15.6
80	4.247
81	2.604
82	5.711
83	4.991
84	6.964
85	7.939
86	0.236
87	-6.054
88	8.459
89	12.27
90	9.725
91	2.215
92	2.584
93	2.817
94	-0.1179
95	3.838
96	14.83
97	4.193
98	5.458
99	6.487
100	13.02
51	-6.404
52	-3.054
53	-5.067
54	1.695
55	1.714
56	6.49
57	2.854
58	-6.135
59	1.974
60	3.552
61	0.007821
62	1.943
63	-1.5
64	-8.834
65	5.577
66	10.17
67	4.439
68	-7.478
69	2.91
70	-4.536
71	-1.696
72	-5.086
73	-3.341
74	-6.9
75	5.685
76	0.1331
77	-0.6397
78	1.571
79	-9.376
80	-0.3358
81	-9.68
82	-9.449
83	-2.374
84	-7.246
85	2.247
86	5.566
87	-6.979
88	-3.231
89	0.3837
90	5.962
91	-2.113
92	-4.592
93	-1.865
94	-1.551
95	3.398
96	4.269
97	-11.84
98	0.7262
99	-4.777
100	11.11
51	-17.41
52	-7.241
53	-9.932
54	-17.33
55	-9.801
56	-17.15
57	-10.54
58	-9.783
59	-9.029
60	-9.03
61	-8.445
62	-17.38
63	-2.695
64	-12.2
65	-7.992
66	-17.12
67	-16.06
68	-11.92
69	-12.48
70	-4.96
71	-9.592
72	-4.038
73	-12.46
74	-3.47
75	-6.822
76	-14.0
77	-10.61
78	-12.49
79	-7.791
80	-12.65
81	-13.06
82	-12.05
83	-14.01
84	-7.821
85	-13.45
86	-6.314
87	-5.639
88	-10.21
89	-9.562
90	-13.99
91	-8.359
92	-19.22
93	-5.155
94	-5.459
95	-17.43
96	-10.45
97	-16.88
98	-8.853
99	-10.65
100	-11.67
51	-11.98
52	-2.033
53	-12.81
54	-3.873
55	-2.657
56	-8.826
57	-1.372
58	-10.4
59	-15.63
60	-5.04
61	-8.016
62	-14.47
63	-18.24
64	-11.79
65	-6.721
66	-7.596
67	0.2154
68	-12.64
69	3.681
70	-4.819
71	-9.497
72	-1.044
73	-15.03
74	1.539
75	-9.81
76	-18.7
77	-10.05
78	-6.189
79	-6.109
80	-3.681
81	-8.63
82	-6.852
83	-10.38
84	3.921
85	-5.147
86	-6.897
87	-17.24
88	-10.15
89	-20.02
90	-16.68
91	-7.952
92	-12.35
93	-5.485
94	-2.725
95	1.845
96	-16.9
97	0.3855
98	-10.9
99	-8.142
100	-11.66
51	30.49
52	19.83
53	16.94
54	15.63
55	15.39
56	0.748
57	20.06
58	12.59
59	13.44
60	14.66
61	13.87
62	16.9
63	11.64
64	12.27
65	17.72
66	19.13
67	21.93
68	14.1
69	17.62
70	29.84
71	21.01
72	10.68
73	14.37
74	10.86
75	9.461
76	9.561
77	18.56
78	7.921
79	16.84
80	12.17
81	13.74
82	22.19
83	13.55
84	14.05
85	20.86
86	10.11
87	26.77
88	9.804
89	20.63
90	6.707
91	18.26
92	16.01
93	25.08
94	19.35
95	23.54
96	18.5
97	22.05
98	17.91
99	21.79
100	15.19
51	-19.0
52	-12.89
53	-17.04
54	-13.06
55	-5.176
56	-12.45
57	-10.28
58	-19.24
59	-27.23
60	-15.78
61	-9.856
62	-16.04
63	-7.581
64	-24.3
65	-25.18
66	-9.456
67	-16.21
68	-16.96
69	-13.8
70	-8.542
71	-5.207
72	-20.08
73	-14.54
74	-13.84
75	-19.26
76	-16.59
77	-11.81
78	-12.34
79	-16.23
80	-23.78
81	-12.99
82	-15.65
83	-20.87
84	-16.38
85	-11.84
86	-16.37
87	-21.27
88	-7.313
89	-21.84
90	-12.45
91	-9.872
92	-13.55
93	-21.54
94	-15.01
95	-17.36
96	-19.13
97	-20.18
98	-17.73
99	-17.05
100	-15.0
51	2.904
52	4.431
53	8.025
54	11.49
55	2.733
56	6.403
57	14.08
58	3.833
59	9.747
60	10.43
61	9.854
62	9.882
63	12.56
64	10.71
65	9.175
66	13.15
67	4.961
68	4.862
69	14.22
70	10.55
71	11.79
72	6.42
73	3.665
74	-0.2676
75	4.879
76	5.805
77	8.869
78	-0.3025
79	6.866
80	7.711
81	5.285
82	11.65
83	8.459
84	2.406
85	-4.087
86	11.65
87	15.2
88	5.941
89	2.129
90	8.819
91	6.22
92	7.699
93	9.834
94	2.568
95	8.581
96	6.949
97	1.382
98	13.91
99	14.12
100	9.205
51	-6.605
52	-5.012
53	-7.581
54	-12.4
55	-4.226
56	-3.083
57	-7.993
58	-15.17
59	-4.929
60	-7.026
61	-10.37
62	-15.61
63	-8.893
64	-11.35
65	-5.681
66	-7.208
67	-3.203
68	-8.951
69	-3.499
70	-5.599
71	-6.092
72	-5.624
73	-9.752
74	-7.356
75	-16.91
76	-15.47
77	-2.841
78	-8.483
79	-11.58
80	-6.75
81	-1.933
82	-2.986
83	-2.814
84	-8.829
85	-0.8923
86	-5.276
87	-10.97
88	-3.625
89	-7.504
90	-14.76
91	-4.968
92	-4.446
93	-5.761
94	-8.75
95	-2.096
96	-2.783
97	-10.27
98	-5.265
99	-2.335
100	-5.473
51	10.0
52	4.964
53	2.154
54	12.58
55	5.206
56	1.334
57	4.497
58	-0.206
59	2.654
60	0.8673
61	1.338
62	8.213
63	8.043
64	-0.9322
65	3.588
66	4.084
67	7.283
68	8.517
69	9.567
70	7.572
71	6.964
72	10.55
73	7.666
74	10.26
75	10.02
76	11.41
77	4.419
78	-2.764
79	8.439
80	4.954
81	5.05
82	7.877
83	0.28
84	-3.035
85	11.97
86	-1.051
87	11.37
88	4.976
89	3.586
90	11.64
91	1.343
92	-3.86
93	12.2
94	-1.021
95	1.207
96	4.924
97	5.564
98	-1.137
99	5.492
100	3.83
51	-20.28
52	-13.61
53	-26.24
54	-19.17
55	-24.36
56	-21.86
57	-13.81
58	-11.61
59	-21.47
60	-18.61
61	-14.93
62	-23.64
63	-6.898
64	-18.28
65	-18.5
66	-22.06
67	-20.22
68	-13.84
69	-10.08
70	-23.88
71	-25.33
72	-19.52
73	-22.78
74	-12.13
75	-18.11
76	-29.2
77	-19.72
78	-13.05
79	-17.66
80	-19.07
81	-14.08
82	-21.3
83	-15.6
84	-18.02
85	-15.84
86	-18.54
87	-20.29
88	-14.13
89	-23.55
90	-19.32
91	-32.61
92	-18.74
93	-17.73
94	-18.35
95	-11.89
96	-16.91
97	-17.84
98	-16.35
99	-7.961
100	-21.49
51	6.145
52	21.65
53	6.918
54	10.89
55	13.02
56	17.54
57	10.89
58	16.96
59	9.877
60	16.91
61	17.53
62	20.64
63	13.95
64	12.95
65	7.129
66	10.82
67	3.633
68	10.65
69	5.198
70	9.668
71	10.11
72	6.453
73	12.05
74	11.92
75	10.65
76	11.04
77	10.42
78	1.362
79	13.3
80	4.719
81	10.35
82	23.95
83	11.02
84	11.17
85	14.07
86	20.91
87	8.118
88	20.93
89	13.56
90	8.167
91	13.55
92	6.75
93	3.091
94	16.59
95	9.78
96	7.447
97	17.71
98	9.748
99	9.382
100	14.62
51	15.82
52	20.91
53	14.15
54	14.5
55	8.106
56	21.5
57	17.84
58	8.839
59	10.99
60	12.09
61	22.79
62	18.89
63	13.98
64	15.73
65	18.75
66	7.684
67	14.27
68	20.89
69	8.556
70	12.72
71	11.95
72	23.06
73	13.23
74	21.1
75	14.93
76	10.16
77	13.06
78	10.48
79	7.011
80	7.473
81	12.69
82	25.32
83	9.018
84	11.76
85	13.08
86	4.886
87	8.708
88	3.129
89	15.33
90	11.93
91	7.449
92	13.14
93	5.927
94	11.34
95	14.01
96	20.55
97	8.566
98	21.06
99	13.83
100	15.89
51	3.844
52	8.065
53	-3.845
54	7.879
55	20.4
56	-3.403
57	0.4648
58	11.83
59	9.342
60	14.41
61	10.3
62	9.515
63	5.741
64	6.621
65	2.705
66	3.875
67	9.013
68	6.097
69	6.554
70	1.261
71	-3.195
72	10.02
73	7.901
74	11.3
75	12.53
76	4.995
77	13.37
78	3.696
79	10.16
80	4.813
81	7.411
82	10.79
83	4.94
84	20.81
85	-5.0
86	5.768
87	5.198
88	22.48
89	6.91
90	10.13
91	9.98
92	2.93
93	12.93
94	5.473
95	0.8117
96	6.275
97	12.13
98	2.21
99	-1.232
100	-0.7227
51	6.495
52	7.537
53	0.06894
54	5.158
55	14.69
56	8.226
57	5.684
58	-0.006729
59	13.1
60	10.23
61	11.87
62	15.41
63	1.746
64	9.377
65	8.399
66	2.606
67	6.248
68	6.399
69	10.48
70	7.466
71	6.065
72	10.57
73	-1.142
74	2.993
75	1.033
76	-0.3374
77	7.037
78	6.696
79	12.8
80	9.433
81	4.798
82	2.647
83	7.711
84	0.106
85	0.63
86	8.731
87	2.322
88	12.09
89	1.065
90	7.185
91	10.85
92	16.82
93	7.892
94	10.21
95	3.608
96	7.687
97	7.88
98	13.78
99	1.736
100	11.04
51	-8.209
52	-4.332
53	-8.022
54	-13.43
55	-6.484
56	-4.133
57	3.071
58	-0.5798
59	-9.35
60	-9.438
61	-15.83
62	-4.355
63	-4.537
64	-3.894
65	-8.243
66	2.679
67	-5.142
68	-7.839
69	-6.469
70	-8.603
71	-21.44
72	-14.16
73	-13.72
74	-1.217
75	-8.175
76	-6.932
77	7.488
78	4.864
79	-11.46
80	-27.42
81	-1.444
82	-13.32
83	1.468
84	-5.12
85	-11.0
86	-7.588
87	-8.129
88	-1.667
89	-13.87
90	-8.461
91	-7.934
92	-9.892
93	-9.225
94	-6.594
95	-10.01
96	-9.323
97	-1.956
98	-0.2581
99	-7.992
100	-13.04
51	-18.73
52	-14.29
53	-10.16
54	-18.32
55	-20.05
56	-14.52
57	-6.557
58	-15.4
59	-7.943
60	-10.18
61	-15.18
62	-17.33
63	-12.77
64	-27.09
65	-13.83
66	-14.82
67	-16.8
68	-21.42
69	-15.18
70	-17.84
71	-20.26
72	-14.21
73	-13.64
74	-13.99
75	-18.44
76	-13.01
77	-13.43
78	-13.58
79	-14.12
80	-10.16
81	-9.915
82	-21.16
83	-4.353
84	-15.29
85	-7.712
86	-16.02
87	-10.45
88	-21.66
89	-9.607
90	-14.86
91	-7.178
92	-12.01
93	-14.35
94	-15.97
95	-12.79
96	-13.81
97	-18.0
98	-19.15
99	-17.2
100	-12.88
51	2.942
52	5.062
53	-3.45
54	0.5876
55	13.61
56	6.557
57	1.5
58	8.105
59	-3.145
60	-2.714
61	-3.527
62	-0.04947
63	4.803
64	-2.734
65	-7.604
66	-0.09979
67	-1.004
68	-6.101
69	5.216
70	0.5091
71	3.037
72	6.129
73	-5.934
74	-0.6924
75	7.07
76	-1.422
77	-2.063
78	0.7901
79	-6.519
80	-2.669
81	-1.451
82	1.377
83	1.951
84	-0.2641
85	7.514
86	1.661
87	-1.463
88	4.067
89	3.898
90	-4.242
91	-6.575
92	10.27
93	-5.016
94	-7.114
95	-3.123
96	-3.612
97	-1.457
98	-2.078
99	9.771
100	-1.931
51	-18.29
52	-8.903
53	-18.75
54	-5.917
55	-11.1
56	-7.997
57	-10.44
58	-6.195
59	-6.487
60	4.246
61	-4.473
62	-3.214
63	-4.014
64	-16.14
65	-7.447
66	-10.56
67	-0.6227
68	-14.33
69	-10.36
70	-14.56
71	-3.763
72	-11.16
73	-12.91
74	-7.618
75	-19.5
76	-15.65
77	-8.147
78	-13.24
79	-7.469
80	-18.29
81	-14.18
82	-13.67
83	-10.49
84	-15.2
85	-8.681
86	-12.68
87	-12.79
88	-11.04
89	-16.6
90	-9.119
91	-16.78
92	1.29
93	-7.437
94	-23.9
95	-12.91
96	-5.952
97	-9.709
98	-18.05
99	-13.5
100	-9.134
51	-5.315
52	-12.82
53	-0.7813
54	-3.152
55	-13.78
56	-5.529
57	-5.627
58	-2.37
59	4.493
60	-4.441
61	-5.209
62	-0.671
63	2.54
64	-9.992
65	-5.55
66	-5.568
67	-6.975
68	-6.121
69	3.071
70	3.855
71	4.453
72	-8.984
73	-16.86
74	-8.461
75	2.331
76	-14.36
77	1.347
78	-10.11
79	-7.376
80	5.334
81	-3.128
82	-22.45
83	7.578
84	-20.62
85	-2.621
86	-13.01
87	-12.8
88	-7.905
89	-3.622
90	-13.82
91	-3.549
92	-14.32
93	0.6398
94	-16.6
95	2.898
96	-7.049
97	3.324
98	-3.487
99	2.06
100	-7.263
51	-17.25
52	-2.29
53	-17.61
54	-13.34
55	-6.998
56	-12.46
57	-9.641
58	-7.273
59	-11.92
60	-11.94
61	-2.752
62	-0.3104
63	-10.83
64	0.9482
65	-7.174
66	-2.36
67	-15.91
68	-11.5
69	-8.802
70	-5.145
71	-15.85
72	-4.449
73	-6.403
74	-14.97
75	-7.197
76	-4.709
77	-4.223
78	-1.041
79	-12.29
80	-16.56
81	-7.577
82	-11.6
83	-8.205
84	-10.58
85	-7.857
86	-2.015
87	-16.76
88	-6.653
89	-12.59
90	-12.48
91	-17.38
92	-6.397
93	-14.19
94	-11.18
95	-9.831
96	-6.437
97	-16.5
98	-9.309
99	0.2455
100	-18.71
51	-6.559
52	-6.438
53	-11.86
54	-4.31
55	-5.086
56	-13.77
57	-10.39
58	4.213
59	-6.627
60	5.738
61	-0.4257
62	3.623
63	0.3867
64	-1.598
65	1.311
66	-4.366
67	-10.69
68	3.248
69	-12.79
70	-12.72
71	-4.784
72	-9.623
73	-1.411
74	-14.22
75	0.198
76	-9.87
77	9.232
78	-4.391
79	-10.16
80	-3.216
81	1.352
82	-8.554
83	-10.88
84	-8.346
85	0.482
86	2.839
87	-10.16
88	-5.442
89	-6.051
90	-4.513
91	-7.764
92	-1.656
93	0.4906
94	-6.367
95	-1.458
96	-5.518
97	-5.409
98	2.489
99	6.826
100	1.934
51	11.68
52	13.16
53	19.07
54	10.55
55	18.5
56	12.13
57	10.2
58	18.85
59	23.64
60	12.96
61	23.68
62	9.678
63	13.84
64	14.56
65	31.89
66	12.98
67	4.435
68	8.508
69	12.91
70	9.771
71	22.14
72	9.425
73	9.555
74	22.87
75	18.55
76	16.97
77	14.67
78	9.366
79	17.03
80	18.46
81	23.07
82	6.677
83	22.36
84	17.22
85	10.18
86	6.114
87	11.13
88	16.66
89	14.44
90	19.92
91	11.22
92	22.82
93	0.2273
94	11.02
95	14.61
96	13.78
97	3.578
98	25.63
99	14.21
100	20.97
51	11.15
52	4.842
53	7.679
54	5.239
55	14.87
56	1.791
57	4.998
58	8.77
59	6.363
60	7.992
61	7.962
62	12.75
63	6.72
64	-2.947
65	3.795
66	14.5
67	16.04
68	5.745
69	-0.6026
70	11.11
71	1.139
72	11.34
73	-1.738
74	1.217
75	10.77
76	12.74
77	4.215
78	12.91
79	15.31
80	1.906
81	12.67
82	13.37
83	6.739
84	5.235
85	9.242
86	8.591
87	20.58
88	16.94
89	1.318
90	14.93
91	7.223
92	10.85
93	7.343
94	1.998
95	0.7349
96	2.624
97	3.043
98	-1.499
99	1.581
100	4.423
51	3.059
52	12.65
53	6.402
54	3.884
55	9.217
56	10.89
57	12.05
58	3.906
59	6.397
60	6.974
61	3.981
62	3.951
63	4.98
64	14.34
65	13.48
66	5.265
67	8.33
68	3.781
69	7.149
70	7.974
71	9.572
72	4.661
73	4.498
74	6.556
75	10.34
76	5.756
77	-6.651
78	10.23
79	11.48
80	2.379
81	14.78
82	9.122
83	5.096
84	0.2829
85	-5.459
86	8.217
87	1.437
88	0.764
89	6.688
90	5.679
91	3.001
92	7.331
93	4.059
94	4.192
95	5.303
96	7.857
97	8.925
98	6.865
99	4.927
100	6.812
51	-10.16
52	-7.642
53	-0.3767
54	0.5563
55	4.174
56	4.3
57	4.817
58	1.683
59	5.06
60	12.8
61	14.27
62	-7.242
63	-0.9114
64	11.22
65	-3.505
66	-5.0
67	-5.61
68	0.1167
69	-5.095
70	2.73
71	-0.9057
72	1.436
73	5.485
74	8.43
75	-3.801
76	10.29
77	0.648
78	5.752
79	5.263
80	9.153
81	-4.352
82	0.3587
83	-0.7751
84	1.613
85	4.549
86	1.835
87	3.217
88	-4.513
89	-6.6
90	2.745
91	-2.946
92	-6.375
93	10.23
94	-9.434
95	-0.5794
96	-6.391
97	-4.784
98	6.318
99	-11.59
100	2.073
51	3.712
52	7.72
53	16.13
54	10.01
55	7.284
56	5.112
57	-0.3994
58	6.246
59	6.453
60	13.18
61	16.17
62	17.71
63	6.088
64	8.392
65	12.53
66	4.984
67	3.627
68	7.603
69	6.088
70	8.635
71	6.844
72	16.84
73	11.76
74	1.054
75	14.63
76	14.32
77	1.531
78	-3.741
79	11.64
80	3.553
81	13.51
82	9.889
83	11.32
84	6.585
85	21.44
86	16.5
87	0.5303
88	5.316
89	5.749
90	6.209
91	8.485
92	8.763
93	0.8381
94	10.4
95	15.97
96	2.843
97	15.74
98	7.723
99	14.89
100	7.011
51	0.7681
52	2.557
53	-7.695
54	-1.026
55	-12.84
56	-3.256
57	-8.813
58	-3.059
59	6.357
60	7.828
61	-3.398
62	-1.974
63	-3.433
64	-10.15
65	2.981
66	6.628
67	-3.579
68	-11.68
69	-0.6859
70	4.532
71	2.517
72	0.3536
73	1.464
74	-8.762
75	5.351
76	-9.848
77	-8.972
78	6.394
79	4.25
80	-0.1102
81	-8.327
82	-7.241
83	-1.551
84	3.561
85	1.13
86	-0.5808
87	-11.61
88	1.757
89	13.05
90	-0.1612
91	-2.505
92	-4.929
93	-8.728
94	-1.155
95	-11.48
96	-1.409
97	-4.796
98	2.456
99	7.308
100	5.955
51	1.048
52	5.438
53	-1.527
54	-3.774
55	7.702
56	0.566
57	7.035
58	7.929
59	-3.305
60	14.51
61	2.076
62	4.233
63	8.571
64	-4.912
65	5.838
66	-0.3436
67	-5.15
68	0.928
69	-2.805
70	6.587
71	1.528
72	2.74
73	-2.014
74	2.972
75	5.148
76	12.01
77	4.781
78	9.648
79	3.936
80	2.749
81	0.1281
82	3.221
83	4.273
84	3.847
85	4.299
86	3.215
87	2.273
88	3.512
89	11.55
90	2.899
91	7.198
92	8.536
93	-1.279
94	8.976
95	-3.324
96	0.4229
97	-7.499
98	7.562
99	-3.942
100	4.587
51	1.906
52	-1.993
53	-3.427
54	7.14
55	6.62
56	5.085
57	2.485
58	-7.289
59	3.523
60	-3.279
61	-2.328
62	6.511
63	-6.122
64	-4.805
65	5.526
66	-0.6435
67	2.621
68	0.7191
69	-3.614
70	-0.6244
71	-6.195
72	1.164
73	3.923
74	6.787
75	1.124
76	6.256
77	-2.823
78	-6.182
79	2.49
80	-1.578
81	11.66
82	-5.38
83	-2.665
84	1.696
85	1.008
86	3.454
87	1.051
88	-5.516
89	0.8764
90	6.548
91	3.78
92	-9.47
93	-0.2042
94	1.989
95	8.856
96	1.765
97	-0.4915
98	4.964
99	3.55
100	-6.928
51	-8.365
52	1.834
53	-4.067
54	-10.37
55	-6.349
56	-10.27
57	2.735
58	-4.67
59	-6.969
60	-3.86
61	-14.27
62	-5.138
63	-11.19
64	-14.49
65	-12.01
66	-3.773
67	-8.048
68	-3.639
69	-10.97
70	-6.926
71	1.786
72	-5.319
73	-7.999
74	-12.55
75	0.1075
76	-13.94
77	-14.54
78	-10.81
79	-2.448
80	-7.87
81	-4.894
82	-10.93
83	-12.03
84	-8.349
85	6.097
86	-9.831
87	-11.0
88	-5.314
89	0.8384
90	-2.207
91	-6.953
92	-3.751
93	1.461
94	-4.82
95	-7.201
96	-10.08
97	3.885
98	-4.368
99	-4.758
100	-0.5024
51	5.069
52	3.249
53	6.402
54	4.019
55	2.322
56	3.841
57	-1.51
58	13.42
59	13.24
60	14.81
61	6.174
62	8.553
63	8.183
64	10.51
65	7.19
66	5.489
67	9.628
68	5.008
69	11.71
70	12.58
71	-6.137
72	15.5
73	0.663
74	5.221
75	8.64
76	2.941
77	5.147
78	4.524
79	12.1
80	3.971
81	15.67
82	7.901
83	7.157
84	5.726
85	4.89
86	6.205
87	2.93
88	-8.004
89	6.907
90	8.649
91	-0.6928
92	3.888
93	3.109
94	1.802
95	-0.4717
96	-1.535
97	7.876
98	14.03
99	8.182
100	1.901
51	2.55
52	6.21
53	12.8
54	12.91
55	1.906
56	12.73
57	17.92
58	15.36
59	13.08
60	12.56
61	9.288
62	9.609
63	13.56
64	16.46
65	10.63
66	14.18
67	15.52
68	17.51
69	16.77
70	2.226
71	10.56
72	17.77
73	13.55
74	24.32
75	11.56
76	4.393
77	9.44
78	10.35
79	3.921
80	9.899
81	9.093
82	14.56
83	6.06
84	25.99
85	5.111
86	10.84
87	11.66
88	15.52
89	12.66
90	4.538
91	5.201
92	14.62
93	10.15
94	7.587
95	8.236
96	7.62
97	16.94
98	5.236
99	9.809
100	15.54
51	4.851
52	7.663
53	-6.471
54	-7.051
55	9.639
56	-3.731
57	-7.929
58	-3.69
59	-2.65
60	-9.596
61	6.285
62	3.813
63	-3.553
64	-2.754
65	-4.417
66	-5.907
67	-10.98
68	-8.784
69	-2.938
70	-0.4024
71	-2.369
72	7.325
73	-6.557
74	-4.784
75	-9.428
76	-1.296
77	-7.819
78	3.112
79	7.511
80	-4.049
81	1.823
82	-8.338
83	2.739
84	-3.77
85	-2.98
86	0.0856
87	-6.457
88	-1.88
89	-8.115
90	0.9312
91	-4.51
92	0.6275
93	4.751
94	-5.368
95	-2.278
96	7.041
97	-2.718
98	-2.984
99	8.586
100	-1.143
51	3.423
52	-2.501
53	1.182
54	-2.143
55	6.974
56	-7.691
57	4.244
58	-10.23
59	-8.487
60	0.2111
61	2.311
62	5.203
63	5.027
64	-6.111
65	6.798
66	-0.3744
67	2.535
68	2.85
69	-8.363
70	-8.213
71	10.35
72	14.4
73	4.484
74	4.217
75	6.251
76	0.1695
77	-0.8827
78	2.879
79	3.583
80	0.9519
81	1.616
82	-9.299
83	6.379
84	-1.674
85	7.22
86	12.78
87	2.121
88	8.834
89	10.3
90	-0.7654
91	-1.655
92	-3.865
93	-4.497
94	-4.93
95	1.384
96	-15.4
97	0.7885
98	-2.979
99	-4.269
100	-5.5
51	-1.481
52	-12.16
53	2.307
54	11.25
55	-4.743
56	-1.88
57	-3.449
58	2.208
59	-1.881
60	-4.344
61	6.433
62	-1.842
63	1.555
64	-1.494
65	-0.2092
66	5.759
67	1.08
68	9.163
69	8.028
70	-5.96
71	1.959
72	6.257
73	0.2673
74	7.475
75	8.659
76	6.661
77	-2.474
78	-9.941
79	2.831
80	2.885
81	-2.995
82	-3.393
83	10.95
84	6.485
85	11.36
86	10.55
87	0.6813
88	1.248
89	5.493
90	1.292
91	1.668
92	-3.406
93	-3.913
94	-1.33
95	-5.033
96	0.8151
97	-5.688
98	-5.382
99	1.052
100	11.13
51	6.126
52	0.7927
53	0.5669
54	-6.007
55	6.27
56	-7.153
57	5.813
58	-10.27
59	-8.322
60	4.483
61	-9.017
62	7.936
63	-4.991
64	-10.64
65	14.58
66	-6.044
67	0.6605
68	3.041
69	1.539
70	-3.497
71	5.18
72	5.409
73	15.88
74	0.05398
75	-0.05169
76	6.416
77	1.679
78	-0.3896
79	8.795
80	-1.456
81	-4.535
82	3.552
83	-6.484
84	-0.7466
85	-0.5872
86	-1.616
87	4.229
88	0.4354
89	7.254
90	-1.048
91	-4.804
92	6.096
93	0.1598
94	-0.5749
95	-0.5531
96	4.604
97	-0.3926
98	7.637
99	2.698
100	4.296
51	25.56
52	25.92
53	14.22
54	19.45
55	17.4
56	14.13
57	21.28
58	13.83
59	8.074
60	20.57
61	10.01
62	17.92
63	9.452
64	16.11
65	15.8
66	11.28
67	11.15
68	13.9
69	16.07
70	3.909
71	14.01
72	9.823
73	10.55
74	3.179
75	12.78
76	10.55
77	5.094
78	13.81
79	17.49
80	22.1
81	13.98
82	19.49
83	13.31
84	8.54
85	11.52
86	18.86
87	12.99
88	28.04
89	11.49
90	12.79
91	7.722
92	16.74
93	14.33
94	11.93
95	7.536
96	15.41
97	16.45
98	17.55
99	16.92
100	15.42
51	5.196
52	3.73
53	16.65
54	5.908
55	7.366
56	5.527
57	14.55
58	5.064
59	9.9
60	8.378
61	0.6178
62	1.787
63	9.324
64	5.705
65	6.454
66	5.941
67	11.03
68	9.976
69	7.282
70	3.269
71	15.32
72	2.075
73	7.125
74	4.086
75	-5.228
76	8.572
77	6.538
78	12.18
79	5.344
80	4.494
81	-0.4825
82	6.607
83	12.21
84	8.937
85	4.228
86	1.156
87	0.4735
88	5.934
89	2.525
90	11.85
91	10.96
92	15.02
93	6.709
94	2.954
95	5.391
96	2.999
97	6.45
98	6.123
99	12.03
100	7.311
51	-13.75
52	-9.043
53	-16.37
54	-11.58
55	-20.75
56	-13.9
57	-12.83
58	-11.2
59	-14.82
60	-5.593
61	-15.61
62	-6.489
63	-10.16
64	-12.21
65	-19.76
66	-8.336
67	-5.571
68	-14.0
69	4.731
70	-8.251
71	-17.95
72	-11.02
73	-6.347
74	-12.94
75	-19.12
76	-9.728
77	-13.04
78	-12.06
79	-10.17
80	-15.31
81	-10.94
82	-8.307
83	-7.591
84	-12.74
85	-6.719
86	-12.46
87	-8.287
88	-17.53
89	3.341
90	-16.03
91	-12.35
92	-14.33
93	-13.83
94	-9.867
95	-8.531
96	-12.39
97	-15.94
98	-5.25
99	-14.5
100	-12.83
51	-4.923
52	-5.207
53	7.132
54	0.9147
55	4.492
56	-3.568
57	5.991
58	1.981
59	4.876
60	4.013
61	2.088
62	-1.259
63	-2.487
64	0.5862
65	-1.87
66	0.04369
67	3.654
68	6.436
69	7.071
70	-1.854
71	4.983
72	2.345
73	5.26
74	5.617
75	-3.207
76	4.849
77	4.54
78	-1.649
79	5.297
80	8.515
81	-3.717
82	6.466
83	3.846
84	0.7532
85	-1.475
86	1.542
87	-4.218
88	2.109
89	-9.395
90	4.405
91	1.273
92	0.6184
93	3.562
94	-0.7326
95	0.9035
96	3.361
97	4.406
98	4.556
99	1.88
100	-1.782
51	-9.716
52	-8.629
53	-12.41
54	-12.56
55	-1.877
56	-8.343
57	-3.67
58	-2.236
59	-6.337
60	-10.08
61	-13.47
62	-4.167
63	0.4972
64	-9.27
65	-6.484
66	-12.78
67	-11.74
68	-14.31
69	-8.581
70	-8.79
71	-3.845
72	-9.346
73	-17.54
74	-7.722
75	-8.652
76	-3.654
77	-9.823
78	-5.715
79	-4.434
80	-0.4015
81	-4.352
82	-20.87
83	-1.102
84	-4.983
85	-6.478
86	-11.58
87	-13.98
88	-9.331
89	-11.13
90	-10.77
91	-8.0
92	-8.212
93	-13.5
94	-12.16
95	-14.0
96	-11.12
97	-7.4
98	-4.912
99	-11.55
100	-14.88
51	18.5
52	16.83
53	9.888
54	19.61
55	17.6
56	19.55
57	19.97
58	11.14
59	20.75
60	25.52
61	11.43
62	22.34
63	20.64
64	15.66
65	28.27
66	26.77
67	25.64
68	20.39
69	13.21
70	14.55
71	16.24
72	21.9
73	32.24
74	16.97
75	18.0
76	19.09
77	15.42
78	22.48
79	19.22
80	19.06
81	24.58
82	21.78
83	20.3
84	14.36
85	16.56
86	26.1
87	19.65
88	8.798
89	17.78
90	22.28
91	14.33
92	19.37
93	15.41
94	26.82
95	10.91
96	16.58
97	23.54
98	23.08
99	31.9
100	30.8
51	-13.9
52	-13.38
53	-23.01
54	-16.83
55	-23.18
56	-27.13
57	-25.29
58	-26.32
59	-20.21
60	-17.9
61	-26.73
62	-27.22
63	-26.59
64	-17.73
65	-22.01
66	-26.87
67	-16.14
68	-28.88
69	-23.41
70	-9.272
71	-28.87
72	-17.76
73	-27.76
74	-18.49
75	-25.42
76	-24.25
77	-18.13
78	-22.38
79	-27.58
80	-24.09
81	-26.41
82	-23.61
83	-26.48
84	-22.05
85	-29.15
86	-23.03
87	-16.19
88	-19.71
89	-17.94
90	-30.63
91	-26.05
92	-19.68
93	-21.27
94	-14.71
95	-23.44
96	-15.67
97	-20.97
98	-22.15
99	-18.94
100	-26.51
51	-18.66
52	-14.85
53	-25.07
54	-9.432
55	-11.71
56	-11.37
57	-11.88
58	-16.32
59	-2.835
60	-16.59
61	-3.203
62	-9.247
63	-17.11
64	-12.5
65	-12.82
66	-20.56
67	-14.23
68	-16.31
69	-6.824
70	-8.68
71	-16.69
72	-14.55
73	-16.04
74	-9.007
75	-17.89
76	-12.99
77	-4.843
78	-13.01
79	-4.473
80	-16.23
81	-19.38
82	-9.477
83	-10.11
84	-14.13
85	-19.11
86	-20.5
87	-15.73
88	-7.929
89	-11.36
90	-10.09
91	-19.01
92	-12.24
93	-12.82
94	-8.117
95	-15.08
96	-13.54
97	-11.84
98	-16.79
99	-10.57
100	-25.66
51	-0.6496
52	-0.8749
53	-0.5257
54	-1.591
55	-1.922
56	0.4748
57	-0.9333
58	0.9661
59	0.2399
60	-0.1409
61	-2.053
62	0.5077
63	-0.2619
64	-0.1591
65	-1.43
66	-0.4441
67	-0.568
68	0.4695
69	-1.501
70	0.01378
71	-0.4978
72	-0.4776
73	-2.248
74	-1.536
75	-0.8831
76	-0.6631
77	-1.424
78	-1.182
79	-0.6789
80	-0.9755
81	-1.109
82	-0.7596
83	-0.8705
84	-1.304
85	-1.387
86	-0.3573
87	-1.02
88	-1.875
89	0.1408
90	-0.1412
91	-1.026
92	-2.151
93	-1.185
94	-1.639
95	-0.5641
96	0.2143
97	0.354
98	-1.53
99	0.1836
100	-0.2234
51	-0.5084
52	7.654
53	6.713
54	1.353
55	-0.8331
56	3.103
57	1.207
58	6.088
59	5.199
60	-5.353
61	3.857
62	4.363
63	1.204
64	1.52
65	-3.321
66	7.523
67	4.478
68	4.189
69	6.101
70	3.024
71	5.481
72	0.587
73	3.619
74	1.615
75	0.2019
76	0.4255
77	-4.892
78	-0.1551
79	1.677
80	-5.935
81	-4.799
82	-0.5904
83	0.2939
84	-5.581
85	6.01
86	-9.535
87	-0.452
88	3.556
89	3.069
90	3.165
91	4.014
92	-6.789
93	6.445
94	3.159
95	2.706
96	-0.004705
97	1.701
98	-0.8624
99	1.299
100	-2.404
51	5.755
52	7.184
53	6.64
54	8.397
55	6.488
56	7.15
57	7.018
58	6.252
59	5.14
60	5.882
61	5.868
62	6.869
63	5.778
64	6.454
65	6.267
66	7.472
67	7.97
68	5.436
69	6.746
70	5.981
71	7.032
72	6.977
73	5.506
74	7.85
75	5.736
76	5.813
77	7.05
78	6.091
79	5.905
80	7.211
81	7.547
82	6.459
83	7.283
84	6.914
85	6.815
86	6.276
87	5.292
88	6.939
89	7.262
90	5.982
91	8.162
92	6.464
93	6.273
94	5.852
95	6.832
96	6.365
97	7.091
98	6.772
99	5.947
100	7.473
51	1.384
52	1.293
53	2.816
54	1.481
55	7.034
56	2.649
57	-0.8865
58	3.167
59	0.3046
60	8.119
61	4.695
62	0.4116
63	2.48
64	2.682
65	2.949
66	4.933
67	3.855
68	-1.693
69	2.258
70	4.801
71	0.02477
72	1.09
73	7.408
74	2.371
75	6.519
76	3.091
77	2.211
78	4.762
79	3.382
80	3.271
81	3.687
82	0.2894
83	-0.3743
84	6.05
85	5.315
86	-0.5361
87	0.4626
88	1.068
89	3.306
90	2.779
91	0.9695
92	2.851
93	6.831
94	2.74
95	-3.029
96	0.5633
97	1.488
98	1.199
99	2.834
100	2.188
51	3.605
52	3.311
53	-2.262
54	-1.863
55	6.339
56	-2.706
57	8.452
58	1.815
59	-1.634
60	0.6915
61	2.29
62	3.052
63	2.592
64	5.646
65	-1.034
66	5.808
67	-0.8325
68	0.0204
69	3.135
70	0.9132
71	2.255
72	-0.167
73	-0.5466
74	-0.3091
75	-0.5195
76	6.225
77	2.433
78	1.736
79	-0.4964
80	-2.366
81	2.292
82	-1.886
83	2.144
84	1.06
85	-0.07722
86	0.5369
87	7.833
88	3.597
89	5.282
90	1.643
91	-0.3347
92	2.356
93	-1.781
94	7.045
95	1.067
96	-0.947
97	4.57
98	-0.5514
99	1.029
100	5.995
51	3.772
52	3.936
53	3.673
54	3.937
55	3.646
56	4.519
57	4.393
58	4.014
59	4.023
60	3.816
61	3.928
62	3.977
63	4.118
64	4.357
65	3.768
66	3.992
67	3.718
68	4.242
69	3.73
70	3.773
71	3.574
72	4.075
73	4.08
74	4.142
75	4.401
76	3.557
77	4.038
78	4.315
79	4.097
80	3.784
81	4.107
82	4.307
83	4.238
84	3.987
85	3.712
86	3.751
87	4.669
88	4.26
89	4.436
90	4.119
91	4.047
92	3.753
93	3.763
94	4.36
95	4.295
96	3.857
97	3.538
98	3.592
99	4.019
100	4.116
51	8.538
52	7.935
53	9.07
54	7.486
55	9.453
56	7.224
57	6.807
58	6.897
59	6.46
60	10.11
61	8.771
62	7.06
63	9.704
64	10.49
65	8.429
66	9.571
67	8.815
68	6.54
69	7.162
70	8.446
71	10.18
72	10.22
73	8.579
74	6.037
75	7.995
76	10.07
77	9.951
78	10.31
79	5.4
80	8.819
81	9.28
82	7.44
83	8.205
84	6.709
85	8.126
86	10.53
87	10.97
88	7.327
89	7.633
90	7.516
91	10.82
92	6.78
93	7.105
94	9.067
95	9.006
96	7.225
97	7.807
98	8.441
99	9.312
100	6.697
51	4.705
52	4.035
53	4.792
54	3.47
55	3.362
56	3.052
57	3.572
58	4.157
59	3.856
60	3.95
61	3.356
62	3.855
63	4.408
64	4.63
65	3.335
66	2.909
67	3.098
68	4.845
69	4.101
70	4.588
71	3.708
72	4.177
73	3.409
74	3.967
75	3.762
76	4.161
77	3.724
78	3.285
79	4.745
80	4.034
81	4.587
82	4.819
83	4.365
84	4.036
85	3.354
86	3.651
87	4.676
88	4.085
89	3.405
90	3.594
91	4.35
92	4.417
93	3.516
94	3.683
95	3.468
96	3.776
97	4.468
98	4.076
99	3.675
100	3.825
51	-2.768
52	-4.805
53	-4.368
54	-3.324
55	-3.698
56	-3.981
57	-4.124
58	-4.137
59	-4.483
60	-4.825
61	-5.125
62	-3.719
63	-5.043
64	-3.975
65	-4.33
66	-3.466
67	-3.35
68	-4.07
69	-4.099
70	-4.871
71	-4.36
72	-4.885
73	-4.182
74	-4.86
75	-4.475
76	-3.696
77	-3.955
78	-3.734
79	-4.398
80	-4.036
81	-3.841
82	-3.587
83	-3.759
84	-4.305
85	-4.046
86	-4.589
87	-4.821
88	-4.655
89	-4.208
90	-3.491
91	-4.981
92	-3.509
93	-4.667
94	-4.765
95	-3.291
96	-4.5
97	-3.937
98	-5.076
99	-4.144
100	-3.804
51	-7.451
52	-7.277
53	-6.013
54	-6.387
55	-7.573
56	-6.065
57	-5.455
58	-7.084
59	-5.518
60	-7.466
61	-6.328
62	-6.874
63	-4.679
64	-5.763
65	-6.035
66	-5.04
67	-7.082
68	-5.742
69	-8.585
70	-6.305
71	-6.763
72	-7.527
73	-6.642
74	-7.745
75	-5.463
76	-4.901
77	-6.51
78	-5.905
79	-7.2
80	-7.239
81	-6.653
82	-6.766
83	-5.818
84	-7.534
85	-5.976
86	-6.839
87	-5.101
88	-6.812
89	-4.74
90	-6.027
91	-6.764
92	-6.071
93	-6.582
94	-6.279
95	-7.997
96	-4.722
97	-7.992
98	-6.649
99	-6.259
100	-6.549
51	7.791
52	9.24
53	7.204
54	8.957
55	8.034
56	13.43
57	9.097
58	9.761
59	12.59
60	8.333
61	8.75
62	9.588
63	9.139
64	10.75
65	8.117
66	9.945
67	7.752
68	11.25
69	7.637
70	4.697
71	6.944
72	11.25
73	9.118
74	10.73
75	9.151
76	9.753
77	8.872
78	9.784
79	10.53
80	10.51
81	10.28
82	7.042
83	8.98
84	9.159
85	6.905
86	10.59
87	6.726
88	10.02
89	6.944
90	11.51
91	8.555
92	9.299
93	4.628
94	7.974
95	7.432
96	6.029
97	7.086
98	9.365
99	6.526
100	5.986
51	-4.567
52	-5.128
53	-4.696
54	-5.125
55	-5.605
56	-4.77
57	-4.78
58	-4.638
59	-3.846
60	-4.951
61	-4.61
62	-4.797
63	-5.646
64	-4.239
65	-3.948
66	-5.335
67	-4.578
68	-5.531
69	-4.96
70	-5.096
71	-5.562
72	-4.532
73	-5.054
74	-5.012
75	-4.754
76	-5.056
77	-5.213
78	-4.712
79	-4.929
80	-4.47
81	-5.253
82	-4.495
83	-4.757
84	-5.121
85	-4.981
86	-5.092
87	-4.199
88	-5.809
89	-4.296
90	-4.437
91	-5.314
92	-5.227
93	-4.888
94	-4.703
95	-4.321
96	-4.49
97	-4.884
98	-4.38
99	-4.046
100	-4.676
51	4.574
52	3.318
53	3.356
54	3.783
55	3.584
56	2.992
57	3.011
58	3.815
59	2.844
60	3.435
61	3.664
62	3.049
63	2.594
64	3.175
65	3.908
66	2.63
67	3.427
68	3.254
69	2.962
70	2.881
71	3.547
72	2.991
73	3.848
74	4.02
75	3.069
76	3.655
77	3.141
78	4.014
79	3.751
80	3.163
81	4.071
82	2.779
83	4.164
84	3.943
85	4.755
86	2.589
87	2.507
88	3.377
89	3.863
90	2.918
91	4.267
92	3.708
93	3.469
94	4.536
95	3.209
96	3.141
97	3.979
98	3.136
99	2.842
100	3.469
51	-11.59
52	-10.85
53	-11.29
54	-10.84
55	-11.44
56	-11.17
57	-10.99
58	-10.38
59	-11.02
60	-11.09
61	-10.64
62	-10.67
63	-10.86
64	-10.53
65	-11.2
66	-10.99
67	-11.43
68	-10.7
69	-11.65
70	-10.95
71	-11.26
72	-11.3
73	-11.17
74	-10.97
75	-10.42
76	-10.42
77	-11.59
78	-11.01
79	-10.94
80	-10.85
81	-11.96
82	-11.7
83	-11.29
84	-10.78
85	-11.22
86	-11.35
87	-10.56
88	-11.41
89	-11.42
90	-10.86
91	-11.09
92	-11.32
93	-11.2
94	-10.7
95	-11.31
96	-10.98
97	-11.1
98	-10.76
99	-11.22
100	-11.11
51	-3.646
52	-3.495
53	-3.265
54	-3.951
55	-3.186
56	-2.924
57	-3.235
58	-3.119
59	-3.015
60	-3.029
61	-2.898
62	-3.337
63	-3.462
64	-3.263
65	-3.504
66	-3.513
67	-3.342
68	-3.681
69	-3.553
70	-3.345
71	-3.809
72	-3.857
73	-3.434
74	-3.421
75	-3.807
76	-3.598
77	-3.042
78	-2.768
79	-3.416
80	-3.414
81	-3.414
82	-3.569
83	-3.237
84	-3.097
85	-3.87
86	-3.13
87	-3.847
88	-3.298
89	-3.177
90	-3.904
91	-3.333
92	-2.849
93	-3.616
94	-3.246
95	-3.304
96	-3.411
97	-3.168
98	-2.842
99	-3.554
100	-3.494
51	-8.909
52	-9.76
53	-8.624
54	-8.402
55	-7.669
56	-9.412
57	-9.888
58	-9.402
59	-8.794
60	-8.955
61	-9.548
62	-8.4
63	-11.49
64	-9.562
65	-9.944
66	-9.004
67	-8.342
68	-9.973
69	-10.82
70	-8.104
71	-7.552
72	-10.19
73	-8.543
74	-9.39
75	-9.215
76	-7.347
77	-10.07
78	-10.14
79	-9.562
80	-9.965
81	-9.772
82	-7.739
83	-10.23
84	-8.839
85	-9.84
86	-8.779
87	-8.976
88	-10.15
89	-7.013
90	-9.747
91	-7.177
92	-9.112
93	-10.53
94	-9.882
95	-10.67
96	-9.782
97	-9.559
98	-10.18
99	-11.32
100	-7.84
51	4.815
52	0.8428
53	4.282
54	4.607
55	1.854
56	1.843
57	4.012
58	2.01
59	3.995
60	2.752
61	2.438
62	1.578
63	1.589
64	2.515
65	4.232
66	3.986
67	4.864
68	3.096
69	3.499
70	3.729
71	3.704
72	4.714
73	2.275
74	3.592
75	4.183
76	5.082
77	4.555
78	3.344
79	3.14
80	5.169
81	3.734
82	0.9644
83	4.455
84	3.147
85	1.055
86	2.27
87	4.305
88	0.7047
89	1.917
90	4.243
91	2.208
92	3.775
93	4.877
94	1.86
95	2.341
96	5.188
97	0.956
98	2.61
99	4.824
100	1.192
51	0.7536
52	0.7875
53	0.659
54	1.263
55	1.59
56	0.05604
57	1.236
58	1.831
59	1.197
60	0.2609
61	0.8983
62	-0.361
63	1.092
64	1.03
65	0.2175
66	2.296
67	1.11
68	0.5948
69	1.781
70	0.8339
71	0.4582
72	0.5237
73	1.823
74	-0.03285
75	-0.06304
76	1.192
77	1.024
78	2.192
79	1.158
80	1.952
81	1.513
82	-0.5402
83	2.0
84	0.7577
85	1.34
86	2.035
87	1.688
88	2.191
89	1.397
90	1.324
91	1.882
92	1.4
93	1.848
94	0.8819
95	0.5788
96	0.9398
97	1.54
98	-0.0317
99	1.22
100	0.3421
51	3.942
52	-0.1164
53	6.446
54	2.337
55	3.008
56	6.021
57	4.607
58	1.208
59	4.221
60	0.9595
61	2.172
62	3.264
63	3.173
64	2.392
65	4.744
66	3.456
67	2.891
68	3.31
69	2.999
70	5.458
71	5.308
72	2.784
73	3.361
74	1.438
75	2.883
76	5.547
77	0.433
78	2.52
79	3.116
80	2.489
81	2.354
82	1.671
83	2.715
84	1.524
85	6.001
86	4.607
87	2.202
88	1.646
89	3.172
90	2.71
91	2.75
92	5.162
93	-0.9059
94	2.399
95	4.884
96	5.076
97	3.742
98	6.087
99	5.49
100	5.789
51	6.577
52	6.385
53	6.461
54	6.643
55	5.641
56	6.277
57	6.694
58	7.217
59	6.299
60	5.549
61	6.419
62	5.608
63	7.283
64	6.657
65	6.189
66	6.61
67	6.51
68	6.647
69	6.078
70	6.038
71	6.727
72	5.997
73	6.638
74	7.32
75	6.738
76	6.932
77	6.357
78	6.366
79	5.813
80	5.864
81	6.242
82	7.1
83	6.13
84	6.806
85	6.61
86	6.522
87	6.672
88	6.293
89	6.346
90	6.172
91	5.591
92	5.218
93	6.3
94	6.43
95	6.223
96	6.511
97	6.089
98	5.876
99	6.43
100	6.128
51	-4.889
52	-5.419
53	-5.33
54	-4.003
55	-5.544
56	-4.823
57	-6.235
58	-6.008
59	-3.979
60	-4.653
61	-3.625
62	-4.795
63	-5.217
64	-5.685
65	-4.959
66	-5.959
67	-4.971
68	-4.6
69	-5.316
70	-4.735
71	-3.983
72	-4.009
73	-5.144
74	-5.826
75	-5.325
76	-5.536
77	-6.75
78	-6.339
79	-4.64
80	-2.636
81	-5.531
82	-4.271
83	-6.427
84	-5.075
85	-4.723
86	-3.826
87	-5.029
88	-5.182
89	-5.403
90	-5.16
91	-5.215
92	-5.535
93	-4.583
94	-4.962
95	-3.933
96	-4.794
97	-6.156
98	-5.321
99	-3.854
100	-4.716
51	0.4341
52	-0.8408
53	-0.8961
54	0.2324
55	0.1977
56	-0.2568
57	-1.74
58	-0.4606
59	-1.466
60	-0.7729
61	-0.8518
62	-0.5297
63	-0.6369
64	0.7458
65	-1.659
66	-0.2753
67	-0.4479
68	0.2573
69	-1.025
70	-0.1768
71	0.3187
72	-0.6522
73	-0.6942
74	-0.3627
75	-0.1478
76	-0.4736
77	-0.7279
78	-1.611
79	-0.5492
80	-0.8317
81	-0.9212
82	-0.241
83	-1.103
84	-0.4552
85	-1.295
86	-0.2422
87	-0.2495
88	0.2692
89	-1.196
90	-0.8146
91	-0.9445
92	-0.7712
93	-0.4586
94	-0.3248
95	-0.9058
96	-0.5372
97	-0.6177
98	-0.7132
99	-0.4696
100	-0.8409
51	0.3556
52	-0.8537
53	0.8826
54	0.08469
55	-1.574
56	-0.02965
57	-0.4862
58	-1.268
59	0.2069
60	0.3323
61	0.7039
62	0.1607
63	-0.7294
64	0.1237
65	1.502
66	0.3954
67	-0.2368
68	0.003616
69	-0.5744
70	-0.2825
71	-0.1768
72	-0.6612
73	0.4752
74	-0.396
75	-1.068
76	0.08772
77	1.221
78	-0.1861
79	0.2933
80	0.6106
81	0.31
82	-0.3138
83	-0.1817
84	0.5976
85	-0.9089
86	0.1557
87	0.2375
88	-1.241
89	0.163
90	0.08352
91	0.8438
92	-1.654
93	0.5125
94	0.8762
95	0.6052
96	-0.2151
97	0.4953
98	-0.02628
99	-1.421
100	0.04487
51	-2.567
52	-5.004
53	-3.896
54	-5.068
55	-5.692
56	-4.791
57	-5.766
58	-5.775
59	-6.767
60	-8.567
61	-6.214
62	-5.201
63	-4.711
64	-4.614
65	-6.085
66	-4.535
67	-6.226
68	-3.944
69	-5.397
70	-3.991
71	-5.727
72	-5.677
73	-3.104
74	-6.279
75	-3.725
76	-3.94
77	-4.769
78	-4.475
79	-6.385
80	-3.318
81	-3.821
82	-4.871
83	-4.072
84	-3.999
85	-4.342
86	-3.798
87	-4.614
88	-4.482
89	-3.607
90	-5.004
91	-4.516
92	-7.778
93	-6.61
94	-3.697
95	-3.971
96	-4.597
97	-5.341
98	-3.013
99	-4.012
100	-5.58
51	-0.9766
52	-1.469
53	-3.2
54	-2.629
55	-1.458
56	-2.816
57	-2.958
58	-3.85
59	-3.239
60	-2.183
61	-1.739
62	-2.334
63	-3.832
64	-1.581
65	-2.902
66	-1.377
67	-2.518
68	-2.458
69	-3.788
70	-3.656
71	-2.694
72	-2.021
73	-2.05
74	-4.065
75	-2.838
76	-1.699
77	-4.273
78	-2.046
79	-2.107
80	-4.177
81	-1.481
82	-0.569
83	-4.074
84	-1.632
85	-4.1
86	-0.8095
87	-2.432
88	-2.373
89	-2.848
90	-1.517
91	-3.007
92	-1.992
93	-3.089
94	-2.671
95	-2.799
96	-2.528
97	-2.473
98	-3.879
99	-3.679
100	-1.882
51	-6.913
52	-8.05
53	-6.946
54	-7.026
55	-7.34
56	-7.386
57	-7.29
58	-7.572
59	-6.935
60	-7.14
61	-8.776
62	-8.188
63	-7.198
64	-8.094
65	-7.721
66	-7.837
67	-6.454
68	-7.205
69	-7.636
70	-8.142
71	-6.517
72	-7.849
73	-8.022
74	-6.733
75	-8.203
76	-7.344
77	-7.926
78	-7.846
79	-7.106
80	-6.656
81	-7.145
82	-6.938
83	-7.256
84	-7.459
85	-6.832
86	-8.058
87	-6.785
88	-7.416
89	-7.299
90	-7.231
91	-6.093
92	-7.34
93	-6.674
94	-7.441
95	-7.33
96	-7.681
97	-6.386
98	-7.46
99	-8.542
100	-6.578
51	-0.7456
52	-1.066
53	0.4543
54	-1.302
55	-1.682
56	0.7925
57	0.8032
58	-2.494
59	-2.12
60	-1.452
61	-1.093
62	-1.857
63	-1.007
64	-2.884
65	-1.519
66	-1.769
67	0.7828
68	-2.185
69	0.1446
70	1.091
71	-0.9731
72	-0.6636
73	-1.102
74	0.7005
75	-0.7641
76	-0.0724
77	-3.348
78	-0.4547
79	-0.6118
80	-1.733
81	-2.13
82	-0.3367
83	-0.06891
84	-0.2284
85	-1.078
86	-2.028
87	-0.06029
88	-1.034
89	-0.06348
90	-0.3966
91	-0.709
92	-0.9089
93	-2.792
94	-2.053
95	-1.491
96	-1.16
97	-1.09
98	-1.794
99	-3.637
100	-2.869
51	4.76
52	2.492
53	3.711
54	2.596
55	1.994
56	3.327
57	0.9899
58	1.181
59	-0.7332
60	0.5671
61	0.3642
62	-0.1872
63	3.543
64	0.3397
65	-4.583
66	3.931
67	6.347
68	3.171
69	1.961
70	-1.546
71	-0.4556
72	5.867
73	-0.3864
74	1.708
75	0.07674
76	4.303
77	1.928
78	0.9917
79	-0.0662
80	-1.843
81	-2.92
82	3.49
83	2.1
84	3.258
85	1.702
86	5.309
87	4.298
88	3.321
89	4.527
90	1.336
91	5.956
92	0.857
93	4.887
94	2.835
95	4.974
96	4.198
97	9.095
98	-0.3241
99	-0.3482
100	-2.742
51	-0.1741
52	0.1478
53	-1.018
54	1.867
55	-1.504
56	1.767
57	1.432
58	-2.001
59	1.586
60	0.2817
61	0.02295
62	-1.753
63	0.6079
64	1.464
65	-0.08955
66	-0.5358
67	-1.347
68	2.711
69	2.359
70	0.5107
71	0.9673
72	2.207
73	0.259
74	0.8745
75	1.048
76	-0.7982
77	0.7053
78	-0.6317
79	-2.368
80	1.032
81	-1.303
82	-4.08
83	-0.1461
84	0.03863
85	1.156
86	0.04302
87	-1.885
88	-2.473
89	3.273
90	0.5704
91	0.7831
92	0.4324
93	1.658
94	0.03074
95	2.628
96	0.02622
97	1.054
98	2.115
99	1.567
100	1.268
51	0.467
52	-4.23
53	-1.238
54	-1.034
55	-1.881
56	-3.981
57	-2.542
58	-1.109
59	-1.8
60	-1.953
61	-1.243
62	-0.4975
63	-1.204
64	-2.077
65	-3.595
66	-1.956
67	-2.264
68	-0.6672
69	-1.041
70	-2.019
71	-2.774
72	-0.8004
73	-2.245
74	-1.466
75	-2.32
76	-1.888
77	1.773
78	-1.611
79	-2.962
80	-0.9619
81	-2.621
82	-1.983
83	-0.5911
84	-1.675
85	0.3301
86	-0.6599
87	-0.08655
88	0.1774
89	-2.229
90	-0.8909
91	-0.3914
92	-1.081
93	-2.223
94	-1.241
95	-1.827
96	-1.689
97	-2.748
98	-2.205
99	-0.6834
100	-1.051
51	4.844
52	4.3
53	1.964
54	2.005
55	0.5927
56	-0.6341
57	1.348
58	0.7915
59	2.133
60	0.8878
61	-0.798
62	3.28
63	1.33
64	-0.3964
65	3.115
66	3.352
67	2.442
68	2.523
69	2.265
70	-0.8672
71	1.263
72	0.3548
73	1.645
74	0.3165
75	2.544
76	0.6591
77	1.899
78	1.507
79	1.012
80	-1.109
81	2.711
82	1.738
83	1.667
84	2.276
85	-0.7921
86	2.623
87	3.494
88	0.4451
89	4.201
90	2.474
91	2.953
92	3.813
93	-1.521
94	3.183
95	2.346
96	3.208
97	3.019
98	-1.12
99	4.658
100	1.906
51	4.498
52	3.649
53	3.158
54	3.328
55	3.604
56	4.801
57	4.732
58	4.544
59	4.465
60	3.713
61	3.938
62	3.182
63	4.427
64	4.35
65	3.779
66	4.763
67	5.864
68	4.746
69	4.846
70	4.103
71	4.151
72	3.143
73	3.383
74	5.046
75	3.335
76	3.166
77	5.033
78	5.461
79	3.981
80	5.011
81	3.378
82	3.736
83	3.608
84	4.894
85	2.147
86	3.407
87	5.114
88	4.643
89	5.435
90	5.448
91	4.161
92	4.197
93	5.783
94	4.081
95	3.656
96	5.022
97	3.112
98	4.359
99	3.466
100	4.379
51	1.537
52	0.2941
53	1.559
54	1.392
55	2.491
56	1.265
57	1.345
58	0.9845
59	0.1153
60	-0.4479
61	0.9124
62	1.026
63	0.3343
64	2.491
65	0.4365
66	0.3361
67	0.9749
68	2.271
69	1.455
70	-0.222
71	0.7095
72	0.9076
73	0.1066
74	1.261
75	-0.441
76	1.757
77	1.434
78	-0.01325
79	0.2567
80	0.1904
81	1.436
82	0.9404
83	0.5633
84	0.06745
85	0.5118
86	1.538
87	0.9711
88	0.6792
89	-0.3336
90	1.598
91	1.51
92	1.088
93	1.306
94	0.5518
95	1.389
96	1.002
97	1.037
98	1.171
99	-0.01049
100	0.002387
51	1.932
52	-1.283
53	3.33
54	2.616
55	0.7151
56	0.5812
57	0.1466
58	-0.8329
59	3.173
60	-0.6591
61	1.862
62	0.9123
63	-0.8473
64	4.2
65	0.7387
66	1.117
67	2.685
68	1.475
69	1.779
70	1.172
71	0.194
72	-0.8165
73	2.032
74	0.4451
75	-0.5584
76	-1.451
77	0.6406
78	-1.28
79	-1.224
80	1.04
81	1.904
82	0.5341
83	0.8723
84	-1.007
85	0.429
86	0.09206
87	-0.6669
88	-1.369
89	-0.466
90	0.1703
91	0.7183
92	-1.049
93	-0.6047
94	-0.7518
95	1.649
96	3.493
97	4.079
98	0.5315
99	3.088
100	0.3819
51	3.197
52	3.099
53	3.405
54	2.909
55	2.659
56	3.117
57	2.955
58	3.474
59	3.309
60	3.217
61	3.468
62	2.763
63	3.567
64	3.165
65	3.021
66	3.122
67	3.18
68	3.192
69	3.63
70	3.01
71	3.379
72	3.166
73	2.832
74	2.729
75	3.043
76	2.922
77	3.169
78	3.09
79	3.06
80	3.068
81	2.405
82	3.529
83	3.426
84	3.056
85	3.095
86	3.176
87	3.212
88	3.169
89	2.948
90	2.609
91	2.854
92	3.693
93	3.215
94	2.845
95	2.774
96	3.07
97	3.12
98	3.042
99	3.136
100	3.426
51	-14.2
52	-15.12
53	-15.05
54	-14.66
55	-14.67
56	-13.67
57	-14.99
58	-14.41
59	-14.39
60	-15.09
61	-13.53
62	-15.06
63	-14.18
64	-13.87
65	-13.43
66	-15.3
67	-15.08
68	-15.23
69	-13.87
70	-14.56
71	-15.69
72	-14.87
73	-14.98
74	-13.79
75	-15.52
76	-13.53
77	-13.36
78	-14.43
79	-14.39
80	-14.72
81	-14.49
82	-13.96
83	-13.7
84	-14.12
85	-15.91
86	-14.27
87	-13.96
88	-14.18
89	-15.73
90	-15.36
91	-14.62
92	-14.87
93	-15.11
94	-14.82
95	-14.22
96	-14.24
97	-15.37
98	-15.38
99	-15.31
100	-14.76
51	-3.118
52	-1.548
53	-3.179
54	-2.695
55	-2.398
56	-3.069
57	-1.214
58	-3.49
59	-4.9
60	-5.09
61	-4.545
62	-3.068
63	-3.051
64	-2.87
65	-3.364
66	-2.938
67	-1.632
68	-4.032
69	-4.474
70	-4.366
71	-1.243
72	-5.976
73	-1.262
74	-5.173
75	-5.653
76	-1.282
77	-2.924
78	-3.618
79	-5.434
80	-3.28
81	-3.817
82	-4.043
83	-3.856
84	-4.282
85	-3.692
86	-4.139
87	-1.593
88	-0.9334
89	-3.987
90	-3.17
91	-2.319
92	-2.176
93	-1.906
94	-2.523
95	-1.511
96	-2.714
97	-3.929
98	-4.055
99	-4.823
100	-3.58
51	7.416
52	8.014
53	7.363
54	5.744
55	7.931
56	5.494
57	5.689
58	6.418
59	5.629
60	7.346
61	7.653
62	6.836
63	6.094
64	6.516
65	7.133
66	5.652
67	6.113
68	5.719
69	5.777
70	7.145
71	8.277
72	6.099
73	6.998
74	5.811
75	6.602
76	7.673
77	7.518
78	6.441
79	8.477
80	6.971
81	7.252
82	6.751
83	5.976
84	6.036
85	7.577
86	6.903
87	7.072
88	6.171
89	6.443
90	7.062
91	6.854
92	6.552
93	7.22
94	7.367
95	6.394
96	8.042
97	7.035
98	8.002
99	6.569
100	7.262
51	3.992
52	3.435
53	4.118
54	4.319
55	2.962
56	4.108
57	4.596
58	3.822
59	4.223
60	4.667
61	2.717
62	3.965
63	4.29
64	3.611
65	4.014
66	5.043
67	4.392
68	4.779
69	4.257
70	4.009
71	4.402
72	3.35
73	4.147
74	4.449
75	4.457
76	3.975
77	4.508
78	3.928
79	3.326
80	4.927
81	3.531
82	4.475
83	3.119
84	4.326
85	4.655
86	3.762
87	3.933
88	3.942
89	3.839
90	3.868
91	4.071
92	4.676
93	3.922
94	4.533
95	3.626
96	3.64
97	3.774
98	4.276
99	3.457
100	3.922
51	-6.26
52	-2.268
53	-4.121
54	-1.563
55	-6.691
56	-0.07636
57	-3.381
58	-2.413
59	0.8117
60	0.6055
61	-3.082
62	-5.029
63	-6.726
64	-0.3094
65	-5.593
66	-4.154
67	-2.285
68	-3.534
69	-0.8264
70	-1.344
71	-8.402
72	-7.23
73	-6.425
74	-4.413
75	-1.753
76	-6.564
77	-0.7538
78	-3.12
79	-5.25
80	-0.4394
81	-3.241
82	-2.034
83	-0.972
84	-4.227
85	-5.051
86	-7.049
87	-2.196
88	-6.785
89	-6.815
90	-3.592
91	-2.841
92	0.08597
93	-0.1875
94	-3.896
95	-2.294
96	2.808
97	-2.219
98	-0.5743
99	-1.107
100	0.1362
51	7.872
52	10.17
53	6.46
54	6.945
55	7.761
56	8.336
57	8.103
58	7.911
59	8.062
60	7.936
61	7.948
62	8.286
63	7.615
64	8.463
65	8.301
66	7.39
67	8.054
68	6.111
69	7.629
70	9.341
71	8.657
72	7.02
73	7.451
74	7.873
75	7.498
76	6.81
77	8.871
78	9.296
79	8.074
80	7.516
81	7.915
82	8.163
83	6.763
84	6.401
85	6.031
86	6.596
87	8.033
88	7.458
89	8.38
90	7.26
91	7.854
92	8.823
93	7.921
94	8.705
95	8.189
96	7.086
97	8.841
98	9.003
99	7.294
100	5.579
51	2.73
52	2.861
53	3.497
54	3.539
55	3.131
56	3.908
57	3.051
58	4.037
59	4.432
60	3.024
61	4.042
62	1.179
63	3.496
64	3.994
65	2.425
66	3.779
67	3.034
68	4.142
69	3.243
70	3.639
71	3.05
72	3.23
73	1.512
74	3.26
75	3.772
76	2.922
77	3.103
78	3.393
79	2.951
80	3.603
81	4.808
82	3.601
83	4.273
84	4.131
85	3.648
86	3.674
87	3.203
88	2.989
89	2.491
90	4.007
91	4.37
92	2.521
93	2.961
94	3.228
95	3.784
96	2.793
97	3.314
98	2.244
99	3.286
100	3.223
51	1.318
52	0.1091
53	5.384
54	3.343
55	3.339
56	3.915
57	3.543
58	3.435
59	6.596
60	3.323
61	5.6
62	3.224
63	6.243
64	4.833
65	5.48
66	6.193
67	5.933
68	5.602
69	2.543
70	7.195
71	4.783
72	5.567
73	6.751
74	8.297
75	4.871
76	4.367
77	7.374
78	5.841
79	4.888
80	1.422
81	4.441
82	4.922
83	5.371
84	7.62
85	6.06
86	2.877
87	6.385
88	-0.2249
89	6.339
90	5.901
91	8.653
92	3.552
93	5.213
94	6.286
95	6.388
96	3.556
97	3.849
98	4.21
99	5.234
100	4.147
51	4.89
52	4.407
53	3.353
54	4.269
55	3.929
56	4.27
57	3.575
58	4.302
59	4.147
60	4.063
61	4.815
62	5.022
63	3.934
64	4.415
65	3.808
66	4.258
67	3.844
68	3.481
69	4.544
70	4.7
71	3.861
72	4.517
73	4.659
74	4.533
75	4.975
76	3.891
77	4.09
78	3.649
79	4.519
80	4.377
81	4.933
82	4.512
83	3.495
84	4.116
85	4.287
86	4.632
87	4.787
88	3.73
89	4.629
90	3.661
91	3.468
92	3.433
93	4.731
94	4.836
95	4.361
96	4.086
97	3.954
98	4.504
99	4.154
100	4.095
51	-6.564
52	-6.815
53	-6.435
54	-7.224
55	-6.585
56	-6.031
57	-7.049
58	-7.054
59	-7.43
60	-8.034
61	-6.56
62	-6.627
63	-7.303
64	-6.795
65	-6.726
66	-7.019
67	-6.965
68	-6.557
69	-8.21
70	-7.492
71	-6.191
72	-6.932
73	-7.25
74	-7.261
75	-5.988
76	-7.15
77	-7.302
78	-7.302
79	-6.565
80	-6.433
81	-7.672
82	-7.298
83	-7.391
84	-7.051
85	-6.985
86	-7.176
87	-6.881
88	-6.51
89	-7.676
90	-6.439
91	-6.952
92	-6.649
93	-6.757
94	-6.987
95	-7.287
96	-6.254
97	-6.565
98	-7.345
99	-6.415
100	-6.778
51	-4.664
52	-4.483
53	-5.442
54	-5.921
55	-5.71
56	-4.831
57	-5.948
58	-4.72
59	-4.982
60	-5.631
61	-5.741
62	-5.441
63	-4.207
64	-5.177
65	-4.248
66	-4.939
67	-4.964
68	-5.359
69	-5.163
70	-5.642
71	-5.347
72	-4.609
73	-5.219
74	-5.573
75	-4.783
76	-5.192
77	-5.572
78	-4.601
79	-5.497
80	-6.018
81	-4.788
82	-5.907
83	-5.684
84	-5.627
85	-4.759
86	-5.157
87	-5.087
88	-5.867
89	-4.243
90	-5.709
91	-5.262
92	-5.069
93	-5.014
94	-4.894
95	-5.213
96	-4.718
97	-5.063
98	-5.288
99	-5.209
100	-4.314
51	-1.361
52	-1.613
53	-1.307
54	-1.29
55	-2.446
56	-1.564
57	-2.319
58	-2.263
59	-2.051
60	-1.644
61	-1.428
62	-2.483
63	-2.055
64	-2.025
65	-2.057
66	-1.404
67	-1.718
68	-1.505
69	-1.508
70	-1.749
71	-2.372
72	-2.156
73	-1.327
74	-2.148
75	-1.913
76	-2.465
77	-1.771
78	-1.66
79	-2.101
80	-2.307
81	-1.84
82	-0.7136
83	-2.5
84	-2.025
85	-1.887
86	-1.611
87	-1.272
88	-1.999
89	-1.744
90	-1.749
91	-1.85
92	-1.836
93	-1.166
94	-1.554
95	-1.373
96	-1.283
97	-1.965
98	-2.111
99	-1.71
100	-1.267
51	1.916
52	6.038
53	2.12
54	3.463
55	2.54
56	4.346
57	2.905
58	5.869
59	1.999
60	0.04541
61	7.273
62	3.604
63	7.896
64	2.656
65	-2.024
66	-1.713
67	1.001
68	3.567
69	5.646
70	4.812
71	3.13
72	-1.875
73	0.008641
74	5.343
75	3.824
76	7.099
77	3.32
78	1.881
79	-0.007667
80	5.448
81	-0.307
82	1.677
83	3.728
84	4.278
85	1.913
86	0.4985
87	5.813
88	3.12
89	4.704
90	-1.238
91	7.751
92	-4.227
93	4.811
94	4.817
95	7.042
96	1.845
97	-1.876
98	-1.534
99	-4.138
100	-2.279
51	-9.176
52	-8.997
53	-8.393
54	-8.86
55	-8.174
56	-8.02
57	-8.32
58	-8.347
59	-8.29
60	-9.051
61	-7.654
62	-7.892
63	-8.083
64	-9.333
65	-8.553
66	-8.047
67	-9.203
68	-8.312
69	-8.398
70	-9.639
71	-7.88
72	-9.086
73	-7.754
74	-9.021
75	-8.043
76	-8.128
77	-8.442
78	-8.638
79	-7.551
80	-8.917
81	-8.179
82	-8.192
83	-8.142
84	-8.282
85	-7.553
86	-8.497
87	-8.763
88	-8.596
89	-8.607
90	-7.991
91	-7.653
92	-8.029
93	-8.395
94	-9.157
95	-8.088
96	-9.033
97	-9.372
98	-8.395
99	-8.977
100	-8.272
51	-0.8987
52	-0.9844
53	-0.03884
54	-1.58
55	-1.502
56	-0.7014
57	-1.713
58	-0.2889
59	-2.661
60	-0.6394
61	-2.717
62	-1.808
63	-1.07
64	-0.9703
65	-1.465
66	-0.3909
67	-1.435
68	-1.254
69	-1.509
70	-1.622
71	-0.3254
72	-0.8946
73	0.01648
74	-1.299
75	-0.6104
76	-1.435
77	-2.449
78	-1.402
79	-2.178
80	-0.5028
81	-0.5316
82	-2.036
83	-2.103
84	-1.17
85	-0.6479
86	-0.3702
87	-0.6583
88	-2.024
89	-1.218
90	-2.015
91	-0.7536
92	-2.224
93	-1.339
94	-1.957
95	-0.1295
96	-1.775
97	-1.129
98	-0.7627
99	-1.719
100	0.8606
51	3265.0
52	3246.0
53	3231.0
54	3230.0
55	3246.0
56	3244.0
57	3237.0
58	3224.0
59	3249.0
60	3250.0
61	3254.0
62	3242.0
63	3228.0
64	3237.0
65	3231.0
66	3213.0
67	3234.0
68	3225.0
69	3250.0
70	3247.0
71	3239.0
72	3225.0
73	3245.0
74	3253.0
75	3232.0
76	3235.0
77	3248.0
78	3247.0
79	3217.0
80	3223.0
81	3229.0
82	3236.0
83	3241.0
84	3226.0
85	3244.0
86	3218.0
87	3247.0
88	3264.0
89	3260.0
90	3213.0
91	3230.0
92	3249.0
93	3267.0
94	3236.0
95	3228.0
96	3254.0
97	3236.0
98	3230.0
99	3237.0
100	3231.0
51	8.433
52	8.3
53	2.497
54	14.9
55	8.88
56	6.321
57	11.14
58	9.093
59	-4.29
60	-4.111
61	9.252
62	-19.64
63	-6.477
64	3.166
65	-7.68
66	-11.74
67	-5.014
68	-1.313
69	-9.977
70	1.566
71	15.56
72	-10.87
73	23.27
74	10.23
75	-3.627
76	-14.89
77	-7.367
78	-3.354
79	-11.93
80	-4.536
81	-13.17
82	7.007
83	-18.19
84	-5.94
85	3.266
86	-0.4334
87	-1.169
88	-9.146
89	-8.559
90	-25.14
91	4.772
92	-9.916
93	-11.89
94	3.826
95	-0.822
96	4.871
97	10.97
98	-9.849
99	-18.3
100	11.23
